-0.33010 -0.17327 1.01390
0.31572 0.31076 0.02195
0.36589 -0.05418 0.54176
0.25949 -0.53219 0.54042
0.52408 0.12581 0.30180
0.19410 0.51845 0.54075
0.31324 0.51882 0.05045
-0.29373 -0.53214 -0.51070
0.52369 -0.19415 0.54058
-0.52722 -0.53225 0.10418
0.35047 -0.11725 1.01428
-0.13674 -0.34918 -0.98425
0.39206 -0.53228 0.54022
-0.27611 -0.25468 0.54183
0.27386 0.23742 1.01417
-0.45378 -0.53224 -0.51049
-0.33501 0.14998 -0.98430
0.52368 -0.15685 -0.51070
0.12597 -0.53240 -0.27553
0.27960 -0.24400 1.01424
0.52412 0.51886 0.16769
-0.09326 0.51857 0.54068
-0.52725 0.22355 -0.20301
0.52426 0.08787 -0.28892
0.19282 0.30626 -0.98431
0.31203 -0.19997 -0.98447
-0.05099 -0.37420 -0.51193
0.46339 0.51857 0.54069
0.52397 0.51895 0.31082
-0.34857 -0.13598 -0.51188
-0.52720 -0.09399 0.32028
0.34418 -0.13815 -0.51173
0.52422 -0.25137 -0.18736
0.24303 0.51880 -0.18655
0.14081 0.51883 -0.26847
0.15140 -0.15630 0.29341
0.02824 0.36233 -0.51193
0.52392 0.51900 -0.11040
-0.52652 0.51832 0.54025
-0.52711 -0.14710 0.54044
0.25309 0.24740 0.20576
-0.09580 0.34918 1.01422
0.23192 -0.53226 -0.20085
-0.10824 0.51893 0.31243
0.52372 0.09012 0.54059
-0.30398 -0.30998 0.11077
-0.36413 -0.07426 0.54210
0.52392 -0.21011 -0.22812
-0.32715 -0.18000 -0.98425
-0.25000 -0.27894 1.01412
-0.52732 0.09876 0.31471
-0.13686 -0.53246 -0.27361
0.25541 0.25059 -0.17135
0.17161 0.51890 -0.51076
0.36416 -0.05869 -0.98430
0.52418 -0.30852 -0.08358
-0.52728 0.12398 -0.27375
-0.52706 0.51898 -0.25491
0.12051 0.51890 0.30806
-0.52719 0.19659 0.25893
0.52387 -0.53226 0.41377
-0.21717 0.51899 -0.21761
-0.27825 0.23831 -0.51211
-0.52712 0.39174 0.54045
0.52390 0.30929 -0.01688
0.52401 0.51899 0.46737
-0.52709 -0.53221 -0.30600
-0.13306 -0.53194 0.54053
-0.52657 -0.53185 0.53997
-0.19036 0.31104 -0.51200
-0.30230 0.51872 0.11551
-0.52719 -0.53212 -0.16818
-0.52729 0.27459 0.16291
-0.36732 0.05013 0.54184
0.04653 0.51863 -0.51081
0.28921 0.51913 -0.51044
-0.29706 0.51891 -0.51064
0.52415 -0.01052 0.33188
-0.52714 -0.53221 0.27218
0.52401 -0.53218 -0.44846
0.52391 -0.53225 -0.15335
-0.19543 -0.53252 0.26555
-0.01506 -0.37363 -0.98426
-0.24663 -0.25082 -0.18682
-0.25447 0.26385 0.54169
0.30004 -0.53229 -0.08329
0.18002 -0.53221 -0.51054
0.31507 -0.53238 0.04401
-0.52720 0.03774 0.32963
0.52211 -0.53204 -0.51032
0.34904 0.11223 -0.51193
0.16261 -0.33673 1.01421
-0.14663 0.33307 0.54178
0.35555 0.08142 -0.98440
0.32394 -0.18167 0.54179
-0.52735 -0.40622 -0.51011
-0.52733 0.51880 0.28916
0.35790 0.08249 0.54180
-0.39419 0.51866 0.54064
0.52401 0.19130 -0.23365
-0.52699 -0.02356 -0.51073
-0.26649 0.24869 -0.98445
-0.52702 -0.53227 0.41619
-0.30792 0.19675 1.01420
-0.52700 0.51900 -0.38361
-0.28480 0.51859 -0.12663
-0.52710 0.00515 -0.30148
0.52400 -0.20944 0.25889
0.01171 0.51901 -0.30276
-0.52708 -0.40938 0.54037
0.52403 0.35533 -0.51084
0.52373 -0.53233 -0.30703
0.52399 -0.32355 0.03649
0.01244 -0.37606 1.01429
0.24998 -0.25867 -0.17885
-0.22161 0.28868 1.01417
0.52392 -0.28625 -0.51069
0.52415 0.29490 0.11598
-0.08763 -0.53245 0.32030
-0.52728 -0.32101 0.06206
-0.39594 -0.53223 0.54037
-0.16918 0.32112 -0.98423
-0.27425 -0.53198 0.17674
0.34444 -0.53225 -0.51063
0.21132 0.51900 0.24922
0.30376 0.51886 -0.07022
-0.31804 0.51874 -0.01279
-0.28536 0.27873 0.15593
0.52370 0.08837 -0.51071
0.52390 -0.28854 0.15924
0.32561 0.51859 0.54065
-0.36750 -0.05147 -0.98431
-0.26063 -0.53225 0.54041
0.27952 0.51877 0.16119
0.04878 0.35746 1.01422
-0.13155 -0.35133 1.01412
0.52392 -0.34155 0.54055
0.23025 -0.53235 0.23132
-0.52726 0.11728 -0.51063
0.07771 -0.36861 0.54181
-0.22053 0.21203 0.24417
-0.34586 0.12659 -0.51213
-0.24726 0.51887 0.21582
0.30052 0.20436 -0.98429
0.52388 -0.53224 0.12565
-0.16661 -0.33767 0.54177
-0.52721 0.27238 -0.51064
-0.00146 0.51897 0.33270
-0.13151 -0.53209 -0.51068
0.52399 -0.10504 -0.28721
-0.35672 0.09080 1.01401
-0.24393 0.51877 0.54069
-0.30365 -0.53227 -0.08260
0.15821 0.32634 -0.51214
0.21968 -0.30148 -0.98432
0.52388 0.24178 0.54056
-0.04597 0.35958 -0.98426
0.29964 -0.30770 0.11567
0.52385 -0.02784 -0.51069
0.52392 0.27157 -0.13905
0.30229 0.20492 0.54189
-0.52729 -0.21476 -0.22522
0.30252 -0.31063 -0.07580
-0.52730 0.51880 -0.00350
0.11413 0.34527 0.54172
-0.52694 0.11566 0.54051
-0.28664 -0.24212 -0.51198
0.52421 0.23535 0.22141
-0.52692 -0.28438 0.54061
0.22015 0.28956 0.54170
-0.52710 -0.53217 -0.44775
0.21736 -0.30530 0.54167
0.52406 0.51886 -0.38421
0.23662 -0.24423 0.22435
0.34717 0.11221 1.01424
0.52370 0.51785 -0.51031
-0.52740 0.51874 0.14356
0.11159 -0.53236 0.31156
-0.36851 -0.04116 1.01407
-0.11675 0.51893 -0.28164
-0.52681 -0.15818 -0.51075
-0.24031 -0.24430 0.22441
-0.52713 0.25075 0.54048
0.52331 -0.53185 0.54010
0.18517 -0.32641 -0.51207
-0.17568 0.51870 -0.51081
0.07500 -0.36943 -0.51185
0.52358 -0.41040 -0.51084
0.00221 -0.53212 0.54048
-0.30603 -0.31058 -0.07660
-0.52722 -0.20634 0.26241
-0.31795 -0.53227 0.04427
-0.04979 -0.37366 0.54188
0.02421 -0.53214 -0.51068
0.36839 -0.01860 -0.51193
-0.52704 -0.01281 0.54051
0.52404 0.51887 -0.25121
-0.52726 -0.11198 -0.28415
-0.52695 0.51767 -0.51024
0.52381 -0.53234 0.26916
-0.52736 -0.29126 -0.12552
-0.07757 -0.36752 -0.98425
0.01443 -0.37689 -0.51194
-0.11959 -0.35855 -0.51190
-0.23869 -0.29090 -0.51190
-0.20884 -0.53207 -0.51077
0.26102 -0.53228 -0.51054
-0.35205 -0.12071 -0.98423
-0.19421 -0.32060 -0.98432
-0.36448 -0.07710 -0.51196
-0.36603 0.05368 -0.51194
-0.52695 -0.09124 -0.51077
-0.52665 -0.46933 -0.51080
-0.52614 -0.53175 -0.51027
-0.19506 -0.53216 -0.23708
-0.52727 -0.16594 -0.25924
-0.01130 -0.53232 -0.30202
0.52383 -0.53232 -0.23043
0.52388 -0.53225 -0.08105
0.52372 -0.53232 -0.37750
0.52416 -0.34760 -0.51042
0.52402 -0.16235 -0.26280
0.52398 -0.04107 -0.30082
0.52365 -0.21767 -0.51077
0.36042 -0.08319 -0.51188
0.36513 0.04526 -0.51197
0.21803 0.29030 -0.51204
0.13420 0.33576 -0.98420
0.25035 0.26192 -0.98438
0.33448 0.14370 -0.98429
0.36699 0.01498 -0.98436
0.34380 -0.13574 -0.98438
-0.36969 0.01515 -0.98429
-0.30385 0.20416 -0.98417
-0.23820 0.51887 -0.51069
-0.52733 0.19432 -0.51058
-0.52710 -0.53216 -0.37810
-0.52710 -0.53217 -0.23319
-0.52714 -0.53218 -0.04329
-0.52710 -0.53222 -0.10761
-0.28014 -0.53232 -0.13716
-0.30460 -0.53216 0.11329
-0.52721 -0.53225 0.18752
-0.23844 -0.53227 0.22598
-0.14016 -0.53244 0.29945
-0.27790 -0.28258 0.17134
-0.52735 -0.25494 -0.18395
-0.52732 -0.24669 0.22309
-0.52712 -0.53219 0.34075
-0.46377 -0.53233 0.54032
-0.52715 -0.47172 0.54040
-0.52695 -0.34546 0.54050
-0.22278 -0.30322 0.54185
-0.32472 -0.53182 0.54057
-0.19539 -0.53196 0.54056
-0.02471 -0.53240 0.33186
0.19325 -0.20308 0.26431
-0.19399 -0.19909 0.26670
-0.52712 -0.14992 0.29793
-0.52719 -0.02875 0.33201
-0.35202 0.11227 0.54163
-0.32756 0.16855 0.54217
-0.35545 -0.10943 1.01393
-0.29579 -0.22861 1.01407
0.14452 -0.34698 0.54186
0.32844 -0.53219 0.54035
0.19140 -0.53236 0.54028
0.45750 -0.53219 0.54049
0.52382 -0.40901 0.54054
0.52406 -0.47317 0.54041
0.52387 -0.53226 0.33999
0.30126 -0.53248 0.11110
0.52405 0.02534 -0.30110
0.52406 0.13960 -0.26647
0.52423 0.14879 -0.51039
0.52405 0.28032 -0.51067
0.22874 0.51878 -0.51088
0.10644 0.51895 -0.51068
-0.01043 0.51869 -0.51086
-0.06319 0.51884 -0.51058
-0.18537 0.17968 -0.24240
-0.30630 0.51892 -0.07669
-0.35355 0.51894 -0.51062
-0.52729 0.51889 -0.45102
-0.52736 0.51882 -0.31689
-0.52735 0.51868 -0.19700
0.13071 -0.14253 -0.27155
0.18132 -0.53239 -0.24451
0.27299 -0.53233 -0.14394
0.31344 -0.53232 -0.02054
0.52398 -0.31194 0.10203
0.27489 -0.28282 0.17057
0.52413 0.05999 0.32452
-0.52722 0.23842 0.21730
-0.52723 0.29876 0.10025
-0.52735 0.51878 0.21689
-0.27803 0.51902 0.17049
-0.52723 0.51874 -0.13281
-0.52713 0.51885 -0.07106
-0.31857 0.31082 0.03061
-0.30783 0.29922 0.10047
-0.31683 0.51875 0.05225
-0.29670 0.28888 -0.10097
-0.31396 0.30617 -0.03972
-0.20287 0.51892 0.26038
0.24753 0.51902 0.20984
0.31545 0.51889 -0.00909
0.52403 0.51891 0.24241
0.52390 0.18570 0.26646
0.19614 0.19163 0.26145
0.52402 0.51887 0.02617
0.52384 0.29670 -0.07902
0.19624 0.51880 -0.23366
0.07916 0.51879 -0.29199
0.28012 0.51899 -0.13132
0.52406 0.44502 -0.51067
0.40563 0.51849 -0.51097
0.52405 0.51889 -0.45273
0.28546 0.28134 -0.11989
0.52402 0.23532 -0.18980
0.52393 0.51905 -0.17994
0.34775 0.51901 -0.51068
0.52392 0.30895 0.05030
0.52395 0.51896 -0.04246
0.52391 0.26894 0.17127
0.52424 -0.15108 0.29853
0.27814 -0.24823 0.54183
0.11811 0.34121 1.01419
0.22648 -0.29570 1.01420
0.08790 -0.36403 1.01424
-0.27015 0.24476 1.01404
0.16860 0.32154 0.54199
-0.29379 0.22028 0.54190
0.25976 0.51879 0.54055
0.26230 0.25282 0.54174
0.12014 0.51850 0.54072
-0.46305 0.51871 0.54064
-0.52708 0.51889 0.48355
-0.52685 0.45653 0.54066
-0.31722 0.51861 0.54070
-0.20736 0.30036 0.54205
-0.16182 0.51871 0.54066
-0.09025 0.35284 0.54176
-0.02175 0.51870 0.54063
0.33616 0.14489 0.54184
-0.02640 0.35991 1.01404
-0.36852 0.02805 1.01414
-0.33584 0.14595 1.01425
-0.16200 0.32493 1.01415
-0.19516 -0.31990 1.01421
-0.06366 -0.36996 1.01424
0.32112 -0.18415 1.01411
0.31646 0.17862 1.01420
0.22675 0.28300 1.01400
0.36478 0.03702 1.01425
0.36593 -0.04088 1.01434
0.36821 0.01536 0.54180
0.35100 -0.12056 0.54171
0.52370 -0.12823 0.54056
0.52366 0.15735 0.54069
0.52356 0.30795 0.54074
0.39406 0.51848 0.54072
0.52339 0.45039 0.54083
0.52369 0.51834 0.53956
0.52421 0.51886 0.38339
0.30216 0.51882 0.10583
0.52411 0.51884 0.09440
0.30678 0.30158 0.08887
0.34313 0.34237 0.14352
0.28427 0.28006 0.15107
0.17046 0.51896 0.28061
0.06009 0.51890 0.32669
-0.05966 0.51891 0.32703
-0.15606 0.51873 0.29168
-0.17829 0.16991 0.27840
-0.52731 0.14881 0.29165
-0.25625 0.24763 0.20441
-0.52714 0.30913 0.03512
-0.52714 0.30714 -0.02829
-0.52737 0.51874 0.06928
0.52393 -0.08693 0.32187
0.52382 -0.25398 0.21282
0.31469 -0.32339 -0.01259
0.17446 -0.18242 -0.24990
-0.52722 0.06514 -0.29417
-0.52731 0.17637 -0.24331
-0.52719 -0.05493 -0.29771
-0.23074 0.22228 -0.20416
-0.52727 0.26490 -0.14844
-0.52723 0.44241 -0.51061
-0.47293 0.51886 -0.51071
-0.17375 0.51888 -0.25151
-0.25486 0.51917 -0.17628
0.14234 0.13716 -0.26712
0.18158 0.17665 -0.24405
0.21810 0.21447 -0.21322
-0.05354 0.51897 -0.29858
-0.08760 0.35291 -0.51196
0.07834 0.35268 -0.98448
0.01991 0.36196 -0.98421
-0.10885 0.34591 -0.98432
-0.03209 0.36242 -0.51198
-0.13738 0.33647 -0.51220
0.21647 -0.22423 -0.21540
0.28172 -0.29043 -0.12627
0.52398 -0.32173 -0.02570
0.27475 -0.53240 0.17165
0.52388 -0.53228 0.47892
0.52399 -0.26634 0.54050
0.01432 -0.37636 0.54185
-0.34623 -0.13996 0.54206
-0.37106 -0.01251 0.54197
-0.52691 0.17887 0.54053
-0.52695 0.05203 0.54060
-0.52721 -0.21995 0.54037
0.17390 -0.53238 0.27923
0.04271 -0.53234 0.32951
0.06428 -0.53209 0.54055
-0.11246 -0.36098 0.54168
-0.31504 -0.20237 0.54200
-0.52706 -0.53215 0.47844
-0.52730 -0.30523 0.12353
-0.52723 -0.32388 -0.00567
-0.52714 -0.31238 -0.07119
-0.31726 -0.32262 0.04948
-0.52715 -0.53220 0.02931
-0.31698 -0.53230 -0.02216
-0.52679 -0.34581 -0.51075
-0.52730 0.34491 -0.51066
-0.11710 0.51855 -0.51092
-0.31745 0.18554 -0.51210
-0.23423 0.28011 -0.51198
-0.35825 0.08684 -0.98417
0.52382 -0.09223 -0.51067
0.32014 -0.18781 -0.51206
0.52416 -0.47202 -0.51043
0.43272 -0.53234 -0.51054
0.06078 -0.53237 -0.29697
-0.20115 -0.20607 -0.23093
-0.28270 -0.28845 -0.13200
-0.31773 -0.32316 -0.01545
-0.32347 -0.18926 -0.51195
0.11105 -0.35680 -0.98454
0.16510 -0.33526 -0.98413
0.26921 -0.25601 -0.98437
0.23560 -0.29054 -0.51203
0.10333 -0.53214 -0.51063
-0.36964 -0.53207 -0.51077
0.12705 -0.35340 -0.51199
-0.18324 -0.32873 -0.51207
-0.16548 -0.33489 -0.98428
-0.10716 -0.35835 -0.98425
0.32791 -0.16786 -0.98442
0.29062 -0.22799 -0.98442
0.34502 0.11256 -0.98435
0.36127 0.04820 -0.98438
0.35398 -0.09722 -0.98435
0.36441 -0.05090 -0.51191
0.52386 0.00205 -0.51071
0.52383 -0.06004 -0.51068
0.52375 -0.12454 -0.51069
0.52401 -0.13370 -0.27500
0.52398 -0.07305 -0.29401
0.52415 0.05660 -0.29501
0.52416 0.11373 -0.27769
0.52402 0.21331 -0.21173
0.27043 0.26596 -0.14562
0.23868 0.47987 -0.19166
0.30960 0.51888 -0.03965
0.34865 0.51926 -0.02884
0.52406 0.51886 0.06028
0.52403 0.28192 0.14362
0.52409 0.51891 0.34711
0.49354 0.51846 0.54013
0.52385 0.51866 0.50347
0.42872 0.51853 0.54070
0.15712 0.51847 0.54074
0.14549 0.51893 0.29433
0.09030 0.51890 0.31737
0.19089 0.51898 0.26491
0.22943 0.51901 0.22953
0.26353 0.51889 0.18552
0.29084 0.51879 0.13351
0.29552 0.29082 0.11997
0.26868 0.26373 0.17841
0.23000 0.25499 0.22969
0.29403 0.25565 0.19236
0.23354 0.19732 0.25685
0.22462 0.21951 0.23360
0.52399 0.15575 0.28413
0.52375 0.05297 0.54061
0.52404 -0.04873 0.32687
0.52410 0.09290 0.31316
0.52359 -0.53207 0.50951
0.52369 -0.50251 0.54026
0.49041 -0.53202 0.54030
0.52394 -0.44109 0.54048
-0.01774 -0.37501 0.54186
0.03325 -0.53210 0.54051
0.04601 -0.37249 0.54183
0.11111 -0.35780 0.54184
0.24775 -0.27677 0.54175
0.18094 -0.32614 0.54177
0.29396 -0.53219 0.54038
0.52375 -0.09294 0.54056
0.52379 -0.02092 0.54060
0.35845 -0.08737 0.54174
0.36705 -0.01941 0.54178
0.28230 0.22887 0.54181
0.36535 -0.00193 1.01430
0.33580 -0.15070 1.01420
0.25304 -0.26985 1.01422
0.12526 -0.35038 1.01422
0.33747 -0.15111 0.54175
0.30104 -0.21495 0.54181
0.36305 0.04893 0.54180
-0.29557 -0.22852 0.54191
-0.16336 -0.33561 1.01417
-0.09761 -0.36065 1.01418
-0.36198 -0.07529 1.01400
-0.36852 -0.00655 1.01410
-0.33063 -0.17116 0.54204
-0.35518 -0.10711 0.54208
-0.36760 -0.04338 0.54204
-0.35967 0.08120 0.54173
-0.36919 0.01881 0.54190
-0.17700 0.31672 0.54191
-0.11844 0.34295 0.54177
-0.28058 0.51869 0.54070
-0.20287 0.51874 0.54068
-0.05750 0.51863 0.54065
0.01109 0.36145 0.54176
-0.34628 0.11838 1.01413
-0.36262 0.05942 1.01408
-0.28903 0.22076 1.01412
-0.19181 0.30681 1.01416
-0.18116 0.31467 0.97801
0.08344 0.34933 1.01420
0.20082 0.29977 1.01412
0.14650 0.32887 1.01421
0.25030 0.26021 1.01409
0.29516 0.20802 1.01419
0.08046 0.35273 0.54173
0.24122 0.27119 0.54171
0.52372 0.27487 0.54065
0.52433 0.41757 0.51171
0.52368 0.41718 0.54063
0.52376 0.34596 0.54058
0.19437 0.30555 0.54185
0.33182 0.14541 1.01422
0.35597 0.07461 1.01425
-0.12890 0.33706 1.01419
0.01119 0.35869 1.01413
-0.06110 0.35455 1.01413
-0.24588 0.26672 1.01410
-0.32188 0.17135 1.01422
0.14136 0.33340 0.54186
-0.05742 0.35777 0.54177
0.02932 0.51894 0.32970
-0.03056 0.51894 0.32987
-0.13215 0.51883 0.30206
-0.23839 0.22983 0.22429
-0.19941 0.19097 0.26129
-0.52725 0.17270 0.27529
-0.52721 0.21750 0.23811
-0.52738 0.51874 0.10642
-0.52738 0.51876 0.18023
-0.29017 0.51887 0.14300
-0.26265 0.51894 0.19316
-0.29660 0.28898 0.12820
-0.52726 0.28668 0.13158
-0.52734 0.51877 0.03289
-0.52722 0.51882 -0.03728
-0.52714 0.30813 0.00341
-0.52721 0.51883 -0.22595
-0.52721 0.51890 -0.28590
-0.52718 0.51891 -0.35025
-0.52715 0.51894 -0.41732
-0.52726 0.39366 -0.51064
-0.52712 0.51828 -0.48063
-0.49994 0.51827 -0.51047
-0.20694 0.51878 -0.51075
-0.14639 0.51863 -0.51086
-0.15166 0.51917 -0.48091
-0.12237 0.51909 -0.48097
-0.09015 0.51870 -0.51075
-0.05984 0.35767 -0.51197
-0.00193 0.36237 -0.51195
0.05919 0.35718 -0.51196
0.18812 0.30832 -0.51209
0.09130 0.51929 -0.47900
0.04544 0.51890 -0.29738
-0.02092 0.51899 -0.30067
-0.29555 0.51875 -0.10166
-0.31113 0.33582 0.08187
-0.31320 0.30502 0.06554
-0.34851 0.30462 0.06696
-0.52728 0.19996 -0.22316
-0.52726 0.24423 -0.17573
-0.52725 0.27863 -0.11972
-0.52725 0.09456 -0.28396
-0.52758 0.12073 -0.31694
-0.52723 0.08079 -0.51062
-0.26763 0.51889 -0.51067
-0.16387 0.32376 -0.51210
-0.18515 0.31377 -0.54615
-0.25624 0.25921 -0.51205
-0.33165 0.15606 -0.51212
-0.35595 0.09013 -0.51203
-0.19578 0.30445 -0.98420
-0.34663 0.11841 -0.98423
0.22159 0.28409 -0.98435
0.16351 0.32101 -0.98425
0.24446 0.26689 -0.51198
0.29549 0.20937 -0.51201
0.35708 0.07874 -0.51195
0.49302 0.15051 -0.51088
0.52396 0.11858 -0.51055
0.52379 0.06016 -0.51072
0.52404 0.31783 -0.51076
0.52404 0.40018 -0.51075
0.25897 0.51895 -0.51066
0.21705 0.48106 -0.51113
0.52409 0.51878 -0.34975
0.52392 0.51903 -0.14517
0.52391 0.30912 0.01671
0.52387 0.30299 -0.04795
0.31166 0.30662 -0.01735
0.29653 0.29191 -0.08827
0.30053 0.33535 -0.07808
0.52397 0.25344 -0.16443
0.52388 0.28413 -0.10904
0.52405 0.25214 0.19634
0.38164 0.29650 0.10007
0.52403 0.30192 0.08314
0.52399 0.51896 -0.21558
0.52405 0.51887 -0.41847
0.52408 0.51879 -0.28325
0.49487 0.51851 -0.51035
0.52388 0.51837 -0.48152
0.43583 0.51883 -0.51068
0.20018 0.51884 -0.51082
0.31848 0.51907 -0.51056
0.37669 0.51875 -0.51082
0.52388 0.48144 -0.51049
0.52416 0.18030 -0.51047
0.52408 0.24607 -0.51061
0.33457 0.14374 -0.51202
-0.01303 0.36077 -0.98423
0.04913 0.35732 -0.98435
-0.31943 0.17707 -0.98423
-0.07741 0.35275 -0.98429
0.10627 0.34422 -0.98434
0.31750 0.17403 -0.98429
0.27544 0.23314 -0.98433
0.19239 -0.31837 -0.98422
0.13807 -0.34603 -0.98433
-0.22120 -0.30031 -0.98433
-0.27060 -0.25629 -0.98434
-0.33960 -0.15035 -0.98425
-0.35978 -0.08609 -0.98427
-0.33602 -0.16262 -0.51192
-0.35652 -0.10654 -0.51193
-0.52710 0.01038 -0.51067
-0.48635 0.02853 -0.51100
-0.52697 -0.05740 -0.51075
-0.52734 -0.17521 -0.46531
-0.52688 -0.12471 -0.51076
-0.15142 -0.34364 -0.51199
-0.26266 -0.26651 -0.51194
-0.01828 -0.37554 -0.51193
0.22052 -0.53224 -0.51054
0.09337 -0.53238 -0.28625
0.25245 -0.53229 -0.17239
0.52398 -0.53222 0.02633
0.52395 -0.53221 0.09292
0.52383 -0.53230 0.15970
0.52398 -0.31775 0.06926
0.19546 -0.20332 -0.23265
0.18557 -0.15128 -0.26579
0.52402 -0.00787 -0.30096
0.49064 0.01809 -0.30118
0.19351 0.14090 -0.26328
0.16196 0.15691 -0.25558
0.17389 0.12116 -0.27481
-0.10652 -0.53237 -0.28336
-0.16596 -0.53231 -0.25535
-0.25129 -0.53211 -0.51074
-0.26151 -0.53233 -0.16430
-0.27325 -0.49890 -0.14783
-0.31031 -0.53228 -0.05238
-0.29190 -0.53230 -0.10988
-0.52715 -0.53217 -0.13789
-0.52714 -0.53215 -0.20068
-0.52736 -0.27310 -0.15473
-0.52715 -0.53219 -0.00699
-0.31188 -0.31687 -0.04602
-0.25635 -0.53212 0.20136
-0.52730 -0.26260 0.20058
-0.52729 -0.29187 0.15080
-0.52725 -0.32244 0.02820
-0.29094 -0.29628 0.14105
-0.25860 -0.30218 0.19809
-0.21694 -0.53239 0.24577
-0.05617 -0.53242 0.32608
-0.17063 -0.13285 0.30525
-0.52717 -0.17813 0.28017
-0.52716 -0.12196 0.30910
-0.52719 -0.06137 0.32615
-0.52716 -0.18353 0.54041
-0.22801 -0.53211 0.54048
-0.42985 -0.53228 0.54035
-0.36033 -0.53202 0.54047
-0.16423 -0.53195 0.54054
-0.52713 -0.53220 0.30647
-0.52712 -0.44055 0.54039
-0.52707 -0.53223 0.37847
-0.52686 -0.50178 0.54019
-0.52682 -0.53200 0.50921
-0.49517 -0.53209 0.54015
-0.52704 -0.53221 0.44732
-0.52718 -0.53223 0.22985
-0.49541 -0.53224 0.50939
-0.29267 -0.53203 0.54049
-0.48842 -0.43629 0.54078
-0.52702 -0.37742 0.54044
-0.52694 -0.31492 0.54055
-0.52707 -0.25217 0.54049
-0.52704 -0.11435 0.54047
-0.52700 0.01961 0.54055
-0.52720 0.00449 0.33082
-0.52726 0.06825 0.32217
0.16367 0.15823 0.29845
0.19325 0.16265 0.27937
0.20153 0.22711 0.25753
-0.18974 0.13728 0.29539
-0.15300 0.14574 0.29214
0.16421 -0.11806 0.30771
0.17233 -0.17969 0.27886
0.31391 -0.32243 0.02089
0.30816 -0.53243 0.07756
0.52380 -0.53235 0.23145
0.52387 -0.53226 0.37688
0.52384 -0.53230 0.30457
0.30674 -0.53230 -0.05192
0.28652 -0.53231 -0.11361
0.26585 -0.27455 -0.15256
-0.09371 -0.53209 -0.51069
0.06377 -0.53214 -0.51066
-0.01585 -0.53212 -0.51069
0.02474 -0.53235 -0.29949
-0.04374 -0.53230 -0.29757
0.19821 -0.24387 -0.23004
0.23322 -0.24145 -0.19713
0.22813 -0.29007 -0.20178
0.29212 -0.30053 -0.10104
0.30860 -0.31701 -0.04419
0.28726 -0.29526 0.14312
0.52394 -0.30024 0.13063
0.52391 -0.23171 0.23585
0.52412 -0.18026 0.27871
0.30638 -0.31458 0.08502
0.28801 -0.53244 0.14138
0.20207 -0.53237 0.25527
0.21494 -0.22365 0.24433
0.17187 -0.21385 0.27890
0.25576 -0.26353 0.19746
0.25346 -0.30432 0.19969
0.12924 -0.13505 0.30335
-0.52692 0.14727 0.54052
-0.52695 0.08385 0.54055
-0.52702 0.21481 0.54050
-0.52700 0.28535 0.54052
-0.52698 0.42414 0.54055
-0.52726 0.51878 0.39217
-0.52734 0.51879 0.25303
-0.52733 0.51877 0.32408
-0.35570 0.51864 0.54067
-0.42862 0.51869 0.54064
-0.52714 0.51886 0.45445
-0.49507 0.51880 0.51209
-0.49478 0.51852 0.54045
-0.52680 0.51861 0.51190
-0.52668 0.48743 0.54045
-0.52700 0.35584 0.54050
-0.27413 0.24207 0.54179
-0.52700 -0.04720 0.54051
-0.52727 -0.22652 0.24275
-0.25911 -0.26344 0.19788
-0.21715 -0.22170 0.24555
-0.19510 -0.23394 0.26560
-0.28113 -0.24720 0.22101
-0.22412 -0.18380 0.27705
-0.16701 -0.17223 0.28301
-0.19761 -0.15971 0.28893
-0.16780 -0.53248 0.28250
-0.11389 -0.53244 0.30988
-0.52718 -0.53223 0.06674
-0.52729 -0.31312 0.09279
-0.52721 -0.53225 0.14585
-0.28943 -0.53207 0.14501
-0.31128 -0.53222 0.07878
-0.31750 -0.32289 0.01702
-0.31746 -0.53228 0.01106
-0.52712 -0.53220 -0.07545
-0.52718 -0.31813 -0.03843
-0.29436 -0.29951 -0.10430
-0.22389 -0.22844 -0.20887
-0.19504 -0.17352 -0.25107
-0.22834 -0.19195 -0.24139
-0.52707 -0.37602 -0.51043
-0.52700 -0.43777 -0.51045
-0.52710 -0.53216 -0.41293
-0.52662 -0.53196 -0.47901
-0.48996 -0.53199 -0.51038
-0.52709 -0.53219 -0.26959
-0.52709 -0.53219 -0.34205
-0.52640 -0.50054 -0.51053
-0.52699 -0.25245 -0.51068
-0.16018 0.21016 -0.25793
-0.15623 0.17393 -0.25946
-0.20805 0.20098 -0.22328
-0.24927 0.24150 -0.18017
-0.52716 0.03515 -0.29783
-0.52714 -0.02489 -0.29960
-0.15279 0.14430 -0.27585
-0.16270 -0.16762 -0.27177
-0.52732 -0.23485 -0.20458
-0.52728 -0.19035 -0.24223
-0.52727 -0.13896 -0.27169
-0.16880 -0.20017 -0.25162
-0.26466 -0.26963 -0.15941
-0.32336 -0.29096 -0.12450
-0.52725 -0.30182 -0.09836
-0.49051 -0.53256 -0.20505
-0.41171 -0.53216 -0.51063
-0.17018 -0.53208 -0.51073
-0.08529 -0.36637 -0.51192
-0.21897 -0.53226 -0.21426
0.15259 -0.16248 -0.26072
0.52406 -0.23074 -0.20774
0.52402 -0.26896 -0.16174
0.52390 -0.53225 -0.11720
0.52372 -0.53233 -0.34226
0.52379 -0.25196 -0.51073
0.25920 -0.26669 -0.51201
0.21038 -0.30847 -0.51205
0.33216 -0.16298 -0.51190
0.30147 -0.21533 -0.51202
0.38858 -0.53230 -0.51059
0.52387 -0.44121 -0.51063
0.47742 -0.53219 -0.51043
0.52314 -0.50203 -0.51038
0.30273 -0.53226 -0.51059
0.52404 -0.31693 -0.51056
0.52387 -0.37900 -0.51063
0.52387 -0.53225 -0.41298
0.52378 -0.53232 -0.26873
0.52408 -0.31513 -0.05464
0.52390 -0.53225 -0.04429
0.20662 -0.53232 -0.22268
0.15611 -0.33991 -0.51203
0.04472 -0.37316 -0.51190
-0.21096 -0.30981 -0.51198
-0.30505 -0.21569 -0.51196
-0.48542 -0.10901 -0.51108
-0.36758 -0.04421 -0.51197
-0.31009 -0.20628 -0.98429
-0.36397 0.05100 -0.98423
-0.24443 0.26823 -0.98431
-0.36836 0.02118 -0.51196
-0.29785 0.21192 -0.51211
-0.11249 0.34469 -0.51208
-0.21230 0.29558 -0.51199
-0.32530 0.51892 -0.51063
-0.38330 0.51892 -0.51065
-0.44299 0.51888 -0.51069
-0.52726 0.30864 -0.51065
-0.52727 0.23335 -0.51061
-0.52730 0.15580 -0.51061
-0.52719 0.29975 -0.05964
-0.28225 0.27480 -0.12858
-0.30533 0.29753 -0.07035
-0.31627 0.30850 -0.00456
-0.31217 0.51883 -0.04474
-0.31743 0.51875 0.01974
-0.30957 0.51874 0.08388
-0.19546 0.51894 -0.23456
-0.08514 0.51895 -0.29011
-0.14525 0.51890 -0.26657
-0.25364 0.48825 -0.17736
-0.26983 0.51888 -0.15146
-0.23602 0.51908 -0.19695
0.10999 0.51881 -0.28023
0.07649 0.51879 -0.51075
0.13903 0.51893 -0.51072
0.12418 0.33919 -0.51206
0.01805 0.51866 -0.51083
-0.03681 0.51877 -0.51072
-0.52709 0.48004 -0.51042
-0.52729 0.51871 -0.16491
-0.52751 0.47914 -0.09421
-0.52718 0.51880 -0.10194
-0.52719 0.30395 0.06769
-0.52726 0.25650 0.19011
-0.52731 0.12379 0.30318
-0.27080 0.26318 0.18017
-0.17947 0.51883 0.27603
-0.22507 0.51890 0.23810
-0.08395 0.51892 0.31973
-0.12754 0.51864 0.54067
-0.35382 0.19800 0.54169
-0.31067 0.19441 0.54204
-0.33979 0.14041 0.54190
-0.34277 -0.14135 1.01392
-0.02561 -0.37301 1.01427
-0.22258 -0.29942 1.01417
-0.27289 -0.25377 1.01409
-0.31294 -0.20094 1.01398
-0.24944 -0.27895 0.54184
-0.19470 -0.32045 0.54181
0.05017 -0.37005 1.01427
0.19455 -0.31621 1.01421
0.30036 -0.21407 1.01418
0.29321 -0.16910 1.01451
0.35820 -0.07906 1.01431
0.31923 0.17491 0.54186
0.34703 0.11369 0.54181
0.52384 -0.23025 0.54054
0.52395 -0.30394 0.54053
0.22544 -0.53228 0.54035
0.15759 -0.53219 0.54036
-0.08113 -0.36732 0.54178
-0.13954 -0.34933 0.54173
-0.11535 -0.49109 0.54087
-0.08172 -0.49116 0.54084
-0.09944 -0.53202 0.54050
-0.08680 -0.53252 0.50320
-0.03180 -0.53210 0.54048
0.00900 -0.53237 0.33068
0.07715 -0.53235 0.32053
0.14274 -0.53237 0.29539
0.36025 -0.53223 0.54028
0.42478 -0.53223 0.54035
0.39042 -0.49355 0.54070
0.52387 -0.37528 0.54054
0.49069 -0.53223 0.50971
0.52387 -0.53227 0.44635
0.52409 -0.11901 0.31020
0.52369 0.12374 0.54064
0.52377 0.19956 0.54062
0.52414 0.02474 0.32820
0.52405 0.21052 0.24394
0.33242 0.28343 0.14217
0.34367 0.29419 0.11107
0.31125 0.30617 0.05541
0.08572 0.51859 0.54066
0.29269 0.51869 0.54060
0.22693 0.51862 0.54065
0.52411 0.51892 0.42538
0.52400 0.51893 0.27662
0.52408 0.51889 0.20505
0.52412 0.51885 0.13104
0.52394 0.51898 -0.07643
0.31435 0.51885 0.02068
0.16853 0.51882 -0.25107
0.19984 0.19556 -0.22864
0.23675 0.23253 -0.19229
0.52397 -0.18623 -0.24546
0.36676 0.01333 -0.51195
0.36558 -0.02186 -0.98433
0.24445 -0.27875 -0.98435
0.01952 -0.37180 -0.98420
0.08258 -0.36338 -0.98434
-0.15973 -0.32084 -0.98449
-0.13961 -0.31393 -0.98468
-0.14536 -0.32798 -0.98447
0.32389 -0.17736 -0.96868
0.31770 -0.15202 -0.98458
0.34384 0.11853 -0.96822
0.35149 -0.10899 -0.96928
0.40140 -0.08557 -0.51163
0.52408 0.01587 -0.49281
0.52405 -0.04940 -0.49262
0.52397 -0.13210 -0.49160
0.50637 -0.12878 -0.27697
0.50652 -0.07901 -0.29280
0.52432 0.11446 -0.29998
0.50728 0.05604 -0.29494
0.50728 0.11317 -0.27762
0.28092 0.51910 -0.16162
0.27165 0.51906 -0.17543
0.22547 0.51901 -0.22718
0.23717 0.51901 -0.21540
0.21746 0.49934 -0.21266
0.32913 0.51907 -0.03425
0.48884 0.51925 0.02567
0.50661 0.51908 0.00004
0.50626 0.51906 0.05169
0.52416 0.28934 0.16307
0.50806 0.51908 0.35705
0.50800 0.51910 0.33891
0.49560 0.51924 0.38475
0.50870 0.51856 0.52180
0.50878 0.51872 0.50375
0.50846 0.48442 0.54048
0.14759 0.51877 0.52711
0.16608 0.51875 0.52711
0.14473 0.51910 0.31250
0.25874 0.48494 0.19358
0.30806 0.51901 0.13308
0.30240 0.51900 0.14692
0.30167 0.46166 0.10210
0.29233 0.30634 0.12959
0.29477 0.32724 0.12365
0.25873 0.27351 0.19439
0.22908 0.20842 0.24523
0.24332 0.22236 0.23130
0.52414 0.17207 0.29387
0.52419 0.15710 0.30270
0.52444 0.16656 0.49405
0.52399 0.04275 0.52405
0.52398 0.06133 0.52404
0.52378 -0.51739 0.50959
0.52383 -0.50262 0.52496
0.52364 -0.51729 0.52488
0.49060 -0.51735 0.54037
0.50704 -0.51727 0.54028
0.50734 -0.45280 0.54064
-0.01171 -0.37521 0.55958
-0.01128 -0.39515 0.54169
0.27108 -0.27806 0.54163
0.25588 -0.29233 0.54159
0.19462 -0.33711 0.54160
0.18186 -0.32634 0.57452
0.19051 -0.32103 0.55812
0.52401 -0.01242 0.52315
0.52402 -0.03078 0.52313
0.37773 -0.09780 0.54160
0.29881 0.20693 0.57724
0.34576 -0.01442 1.01446
0.33966 -0.14310 0.99793
0.24978 -0.24758 1.01440
0.11009 -0.33988 1.01440
0.29385 -0.22614 0.55796
-0.29417 -0.23111 0.58035
-0.16571 -0.29127 1.01455
-0.08935 -0.36352 0.99652
-0.34180 -0.08394 1.01421
-0.36906 0.00554 0.99619
-0.37702 -0.10250 0.54187
-0.38900 -0.03775 0.54181
-0.38727 -0.05318 0.54184
-0.35942 0.08136 0.55759
-0.10078 0.34841 0.55831
-0.11488 0.34347 0.55831
-0.28856 0.51890 0.52540
-0.27024 0.51894 0.52539
-0.19267 0.51895 0.52579
-0.21320 0.51897 0.52580
-0.00064 0.36210 0.55897
-0.34646 0.11907 0.99649
-0.34690 0.05455 1.01430
-0.34395 0.07024 1.01427
-0.33578 0.09972 1.01429
-0.26486 0.21945 1.01429
-0.29424 0.21614 0.97551
-0.29636 0.21245 0.99483
-0.17484 0.29412 1.01434
-0.20139 0.30168 0.99609
0.20437 0.27833 1.01428
0.19140 0.28671 1.01434
0.21970 0.24550 1.01449
0.24089 0.24716 1.01431
0.52387 0.48456 0.52574
0.52379 0.46757 0.52605
0.52402 0.50171 0.50737
0.52410 0.50187 0.48932
0.52401 0.41737 0.52617
0.52395 0.33145 0.52604
0.52405 0.35045 0.52596
0.20593 0.29802 0.57550
0.24056 0.27142 0.55858
0.23002 0.28061 0.55857
0.30050 0.20192 0.99668
0.28984 0.21662 0.99667
0.32863 0.15390 0.99714
0.31762 0.12862 1.01440
-0.12725 0.31775 1.01436
0.01294 0.34295 1.01434
-0.04200 0.34150 1.01430
-0.12127 0.34051 0.99601
-0.24190 0.27118 0.99457
-0.30875 0.15544 1.01440
-0.30176 0.16814 1.01439
-0.36716 0.03534 0.97832
-0.32923 0.16005 0.97895
-0.06961 0.35413 0.99711
0.00283 0.36012 0.99757
0.02163 0.35950 0.99761
-0.07027 0.35582 0.55831
-0.04857 0.51890 0.52325
-0.06645 0.51887 0.52326
0.03894 0.50123 0.32868
0.02356 0.50125 0.33019
-0.14487 0.51901 0.31438
-0.27138 0.21967 0.23539
-0.25935 0.22920 0.22487
-0.25042 0.22030 0.23481
-0.20772 0.17642 0.27227
-0.18976 0.20003 0.26890
-0.52739 0.19071 0.28482
-0.52737 0.22810 0.25335
-0.50840 0.21965 0.23592
-0.48959 0.21135 0.24414
-0.51361 0.51896 0.09740
-0.51362 0.51896 0.11597
-0.51226 0.51898 0.18993
-0.29813 0.31203 0.12468
-0.28063 0.31443 0.16273
-0.30890 0.28601 0.13299
-0.30328 0.28089 0.14686
-0.51235 0.51906 -0.30016
-0.51227 0.51910 -0.28467
-0.52734 0.50142 -0.24290
-0.51233 0.51907 -0.33234
-0.51224 0.51911 -0.34902
-0.51137 0.51910 -0.43151
-0.52740 0.46450 -0.47574
-0.52741 0.40326 -0.49666
-0.52743 0.37888 -0.49667
-0.51362 0.51858 -0.48075
-0.50003 0.51857 -0.49567
-0.51353 0.51827 -0.49555
-0.21248 0.51902 -0.49416
-0.13438 0.51886 -0.49592
-0.06882 0.37645 -0.51182
0.00645 0.38221 -0.51181
0.07150 0.35523 -0.52934
0.05602 0.35781 -0.52932
0.20186 0.31884 -0.51190
0.18691 0.32785 -0.51192
0.06969 0.37530 -0.51183
0.05421 0.37787 -0.51181
-0.31216 0.32042 0.07370
-0.33086 0.30482 0.06625
-0.32763 0.28193 -0.11368
-0.52741 0.25353 -0.19242
-0.52741 0.29467 -0.13543
-0.52741 0.30153 -0.12106
-0.51004 0.10952 -0.27855
-0.05408 0.35887 -0.54888
-0.27262 0.26772 -0.51190
-0.32774 0.12440 -0.98446
0.20421 0.27763 -0.98452
0.15349 0.32656 -0.96736
0.30179 0.22394 -0.51183
0.49289 0.13541 -0.51096
0.50849 0.13455 -0.51072
0.50948 0.40832 -0.51088
0.52421 0.41057 -0.49831
0.52420 0.38815 -0.49836
0.09409 0.51921 -0.31688
0.50777 0.51897 -0.34219
0.50775 0.51901 -0.35942
0.52410 0.32656 0.00880
0.31091 0.32207 -0.02857
0.31293 0.32415 -0.00892
0.29299 0.30834 -0.09899
0.52408 0.30143 -0.10779
0.52409 0.29515 -0.12279
0.52414 0.27292 -0.16718
0.31305 0.28989 -0.09522
0.30179 0.35288 -0.06965
0.50765 0.25141 0.19667
0.50580 0.27659 0.15516
0.39935 0.29509 0.10620
0.50644 0.29982 0.09341
0.52412 0.50344 -0.15561
0.52412 0.50342 -0.13823
0.52415 0.50334 -0.20808
0.52418 0.50330 -0.22590
0.52421 0.50301 -0.42919
0.50693 0.51897 -0.29086
0.50691 0.51902 -0.27484
0.50819 0.51907 -0.42993
0.50819 0.51906 -0.41280
0.49496 0.51877 -0.49595
0.50946 0.51870 -0.48154
0.50938 0.51844 -0.49593
0.43349 0.51911 -0.49608
0.41839 0.51894 -0.49622
0.24474 0.51908 -0.49576
0.25986 0.51917 -0.49565
0.21534 0.51902 -0.49584
0.20106 0.51905 -0.49581
0.38881 0.51891 -0.49630
0.37434 0.51903 -0.49622
0.36104 0.50225 -0.51093
0.50650 0.46665 -0.51075
0.47453 0.48861 -0.51086
0.47750 0.50372 -0.51061
0.49191 0.50339 -0.51060
0.52397 0.48170 -0.49609
0.52388 0.49990 -0.49600
0.52420 0.32862 -0.49507
0.50859 0.16541 -0.51068
0.50751 0.25010 -0.51082
0.30103 0.20246 -0.52593
-0.01654 0.34601 -0.98445
0.04562 0.34256 -0.98456
-0.30031 0.14658 -0.98469
-0.06549 0.35585 -0.96653
0.33041 0.15344 -0.53007
0.32276 0.16587 -0.96770
0.31427 0.18104 -0.96770
0.31136 0.15415 -0.98449
0.27150 0.21544 -0.98451
0.22814 0.27981 -0.96802
0.10395 0.32944 -0.98456
0.11792 0.32521 -0.98449
0.13219 -0.33248 -0.98457
-0.20464 -0.29391 -0.98451
-0.21814 -0.28376 -0.98452
-0.27651 -0.25067 -0.96721
-0.29200 -0.23281 -0.94990
-0.34293 -0.14352 -0.96647
-0.34747 -0.07643 -0.98448
-0.36209 -0.07834 -0.96647
-0.34196 -0.14929 -0.52918
-0.52719 -0.06700 -0.49264
-0.52715 -0.11772 -0.49351
-0.52711 -0.13445 -0.49350
-0.52716 -0.19612 -0.48797
-0.25805 -0.27144 -0.52862
-0.04766 -0.37195 -0.94870
-0.05480 -0.37050 -0.96648
-0.04600 -0.37294 -0.54521
-0.02290 -0.37527 -0.52875
0.09986 -0.36133 -0.52900
0.08685 -0.36533 -0.52897
0.13358 -0.53236 -0.49059
0.08946 -0.53252 -0.30762
0.52414 -0.51457 0.01846
0.50616 -0.53240 0.09225
0.52404 -0.51349 0.16949
0.52429 -0.49497 0.12870
0.52416 -0.34021 -0.00383
0.52416 -0.34067 0.01171
0.50719 -0.30303 -0.09626
0.52420 -0.00022 -0.31868
0.50733 0.00511 -0.30107
0.17774 0.14890 -0.25943
0.16792 0.13903 -0.26520
0.18370 0.13103 -0.26905
0.20698 0.15012 -0.25884
-0.16585 -0.51668 -0.25504
-0.24029 -0.53231 -0.49544
-0.26151 -0.53233 -0.49542
-0.31913 -0.53233 -0.49000
-0.26738 -0.51562 -0.15606
-0.28162 -0.49696 -0.13089
-0.33051 -0.53245 -0.04679
-0.32718 -0.53245 -0.06191
-0.52733 -0.51443 -0.01776
-0.31286 -0.33725 -0.04103
-0.30994 -0.33411 -0.05632
-0.52744 -0.27927 0.20952
-0.28476 -0.31146 0.15520
-0.29128 -0.31831 0.14005
-0.50927 -0.18611 0.27530
-0.52733 -0.17768 0.29970
-0.52733 -0.13587 0.32694
-0.52736 -0.05589 0.34571
-0.31703 -0.23531 0.54176
-0.30729 -0.24839 0.54171
-0.23664 -0.53250 0.25827
-0.17800 -0.53220 0.52210
-0.52732 -0.51138 0.29995
-0.52698 -0.50186 0.52480
-0.52684 -0.51689 0.52470
-0.51102 -0.51694 0.54017
-0.51165 -0.53241 0.21925
-0.51164 -0.53240 0.24042
-0.50692 -0.53239 0.31591
-0.50693 -0.53239 0.29877
-0.50985 -0.53242 0.38922
-0.50600 -0.53241 0.44350
-0.47438 -0.53244 0.50557
-0.51111 -0.53212 0.50930
-0.49529 -0.53216 0.52477
-0.51099 -0.53204 0.52468
-0.29625 -0.53221 0.52240
-0.42635 -0.51500 0.54056
-0.50778 -0.45400 0.54059
-0.50557 -0.30936 0.54073
-0.34169 -0.18690 0.54182
-0.34949 -0.17130 0.54183
0.14690 0.15406 0.30076
0.16024 0.14178 0.30018
0.14347 0.13761 0.30249
0.17990 0.17493 0.27995
0.17846 0.16044 0.28891
0.18778 0.22496 0.26730
-0.17137 0.14151 0.29376
0.18124 -0.11029 0.31175
0.19186 -0.12165 0.30864
0.17483 -0.12941 0.30460
0.19592 -0.15247 0.29421
0.18935 -0.17193 0.28290
0.17889 -0.16023 0.29017
0.33011 -0.32206 0.02850
0.28479 -0.51337 -0.11795
0.28424 -0.27495 -0.15163
-0.08478 -0.53230 -0.49207
0.07467 -0.53234 -0.49245
-0.02565 -0.53231 -0.49294
-0.00562 -0.53233 -0.49293
0.01612 -0.53249 -0.31797
0.22230 -0.25715 -0.20859
0.23067 -0.26576 -0.19946
0.26583 -0.29264 -0.15235
0.25789 -0.28470 -0.16550
0.31408 -0.51539 0.01110
0.29734 -0.34733 -0.08661
0.30622 -0.33328 -0.05679
0.31010 -0.29596 0.14174
0.35774 -0.30462 0.11671
0.52408 -0.29125 0.18630
0.49364 -0.17234 0.28444
0.52413 -0.24025 0.25157
0.30132 -0.34042 0.10351
0.30217 -0.32578 0.10193
0.30402 -0.51673 0.09565
0.30747 -0.51671 0.07887
0.29394 -0.51674 0.12756
0.27169 -0.53252 0.20350
0.19585 -0.51610 0.26114
0.20994 -0.51609 0.24917
0.27791 -0.32409 0.16144
0.27949 -0.30656 0.15914
0.25461 -0.28392 0.19857
0.24390 -0.29468 0.21313
0.24504 -0.27428 0.21202
0.26259 -0.31110 0.18743
0.31686 -0.26558 0.19441
0.26532 -0.25456 0.21007
0.22039 -0.20861 0.25757
0.23123 -0.21889 0.24758
0.21611 -0.17886 0.27888
0.17210 -0.19677 0.27888
0.16140 -0.20215 0.28618
0.16163 -0.18507 0.28615
0.15314 -0.10743 0.31269
0.14673 -0.12655 0.30553
-0.52737 -0.00312 0.34914
-0.52737 0.01350 0.34855
-0.50526 0.42025 0.54069
-0.52717 0.43660 0.52336
-0.52724 0.42040 0.52331
-0.32750 0.51937 0.49629
-0.51159 0.51900 0.24396
-0.51158 0.51900 0.26203
-0.36602 0.51889 0.52612
-0.44197 0.51893 0.52400
-0.42475 0.51892 0.52400
-0.50724 0.51906 0.46663
-0.49493 0.51866 0.52627
-0.51079 0.51856 0.52617
-0.52682 0.48757 0.52628
-0.52731 0.49955 0.46603
-0.51082 0.48753 0.54055
-0.49487 0.50307 0.54055
-0.51073 0.50297 0.54045
-0.29529 0.24947 0.54167
-0.52725 0.36773 0.52132
-0.52726 0.22064 0.52168
-0.52716 0.15041 0.52108
-0.52718 0.06718 0.52274
-0.52718 0.08309 0.52272
-0.52721 0.03506 0.52274
-0.52723 0.01885 0.52272
-0.52723 -0.10616 0.52191
-0.52733 -0.17684 0.52202
-0.52723 -0.26718 0.52286
-0.52717 -0.31382 0.52286
-0.52717 -0.29855 0.52289
-0.52721 -0.36614 0.52182
-0.52725 -0.38212 0.52179
-0.30078 -0.29050 0.15404
-0.22903 -0.26980 0.23454
-0.27952 -0.26489 0.19618
-0.27012 -0.25532 0.20944
-0.26073 -0.21546 0.24954
-0.22064 -0.20275 0.26130
-0.23222 -0.21405 0.25073
-0.50772 -0.11408 0.31248
-0.50903 -0.05058 0.32841
-0.50903 -0.06689 0.32548
-0.18231 -0.16597 0.28597
-0.18412 -0.14628 0.29709
-0.16882 -0.15254 0.29413
-0.21086 -0.17175 0.28299
-0.17005 -0.53259 0.30085
-0.11468 -0.49686 0.31057
-0.34867 -0.31552 0.08134
-0.52744 -0.30251 0.16706
-0.52744 -0.32990 0.10520
-0.52743 -0.33385 0.08984
-0.52738 -0.51629 0.15589
-0.52738 -0.51629 0.13506
-0.50922 -0.53241 0.07488
-0.34457 -0.53275 0.14358
-0.29948 -0.53227 0.16161
-0.33113 -0.53241 0.07587
-0.30804 -0.47724 0.09017
-0.33520 -0.53245 0.00497
-0.33544 -0.53245 0.02158
-0.52734 -0.33494 -0.04972
-0.52737 -0.33782 -0.03334
-0.33445 -0.32276 0.00777
-0.29555 -0.32166 -0.10166
-0.26471 -0.22244 -0.21327
-0.21169 -0.18273 -0.24623
-0.50947 -0.37350 -0.51074
-0.49200 -0.38609 -0.51090
-0.50961 -0.38861 -0.51058
-0.50940 -0.43526 -0.51077
-0.52729 -0.51256 -0.40970
-0.49020 -0.53210 -0.49475
-0.52729 -0.51450 -0.27780
-0.52729 -0.51397 -0.35294
-0.52729 -0.51398 -0.33492
-0.52664 -0.50064 -0.49490
-0.52651 -0.51625 -0.49477
-0.52675 -0.51635 -0.47914
-0.52711 -0.32885 -0.49169
-0.52721 -0.24568 -0.49435
-0.52721 -0.26339 -0.49438
-0.50989 -0.08915 -0.28968
-0.17372 0.21489 -0.24967
-0.15820 0.19204 -0.25870
-0.25954 0.29331 -0.16657
-0.21351 0.18655 -0.23515
-0.22486 0.19720 -0.22559
-0.19873 0.14628 -0.26111
-0.50903 0.04995 -0.29562
-0.50899 0.03495 -0.29744
-0.50914 -0.02799 -0.29942
-0.13488 0.13896 -0.27803
-0.16735 0.14718 -0.26733
-0.15451 0.15911 -0.26766
-0.16908 0.16199 -0.25913
-0.14436 -0.16283 -0.27424
-0.52743 -0.21108 -0.25115
-0.52742 -0.14318 -0.29145
-0.17887 -0.17057 -0.26142
-0.18192 -0.18684 -0.25135
-0.16575 -0.18390 -0.26170
-0.22611 -0.21020 -0.22513
-0.23748 -0.22139 -0.21411
-0.27628 -0.26172 -0.17123
-0.26678 -0.28894 -0.15629
-0.25987 -0.29885 -0.16687
-0.30886 -0.29524 -0.11440
-0.31469 -0.30077 -0.10055
-0.31464 -0.28179 -0.14007
-0.50594 -0.29996 -0.10376
-0.52738 -0.32504 -0.09961
-0.52743 -0.31976 -0.11319
-0.52731 -0.51383 -0.08889
-0.29094 -0.51366 -0.11192
-0.41798 -0.53237 -0.49470
-0.42546 -0.51484 -0.51078
-0.50818 -0.51626 -0.51046
-0.16083 -0.53230 -0.49201
-0.10785 -0.53249 -0.30450
-0.12302 -0.53254 -0.29963
-0.22837 -0.53241 -0.23367
-0.24032 -0.53245 -0.22226
-0.21304 -0.51468 -0.22015
-0.17050 -0.53251 -0.27385
-0.08812 -0.49800 -0.28876
0.15891 0.09545 -0.28299
0.16908 -0.15688 -0.26326
0.15814 -0.14690 -0.26867
0.14258 -0.17654 -0.26510
0.24818 -0.23041 -0.20848
0.25656 -0.23902 -0.19934
0.19684 -0.22360 -0.23135
0.52419 -0.23711 -0.22689
0.52410 -0.51323 -0.12628
0.52404 -0.26239 -0.49504
0.26630 -0.28492 -0.51185
0.27811 -0.27299 -0.51184
0.35248 -0.10967 -0.52608
0.34842 -0.12341 -0.52605
0.21027 -0.51504 -0.51075
0.39728 -0.51534 -0.51077
0.48360 -0.51509 -0.51064
0.50697 -0.48501 -0.51064
0.50646 -0.50001 -0.51061
0.29112 -0.51373 -0.51077
0.31197 -0.51372 -0.51079
0.35022 -0.47980 -0.51118
0.50809 -0.32932 -0.51072
0.50803 -0.31398 -0.51079
0.50786 -0.37606 -0.51087
0.52400 -0.43850 -0.48978
0.52310 -0.51707 -0.49488
0.52361 -0.50206 -0.49491
0.50696 -0.53244 -0.40852
0.50704 -0.53240 -0.42626
0.48333 -0.53234 -0.49046
0.52402 -0.51568 -0.25882
0.52400 -0.51568 -0.27797
0.52409 -0.51479 -0.18136
0.50839 -0.23080 -0.20742
0.30708 -0.29537 -0.11368
0.31228 -0.30042 -0.10107
0.52413 -0.31483 -0.12537
0.52422 -0.32032 -0.11223
0.52416 -0.33708 0.06245
0.52414 -0.32267 0.12794
0.52402 -0.51761 0.22281
0.52402 -0.51760 0.24166
0.52409 -0.51461 -0.05353
0.50431 -0.53242 -0.10720
0.30232 -0.53247 -0.12968
0.16955 -0.53253 -0.27632
0.22615 -0.53246 -0.23244
0.21646 -0.33072 -0.51188
0.15629 -0.35832 -0.51186
0.17082 -0.35158 -0.51187
0.15925 -0.33853 -0.52965
0.04355 -0.37307 -0.52898
0.05870 -0.37121 -0.52895
-0.09203 -0.36471 -0.52837
-0.32709 -0.21866 -0.51182
-0.28542 -0.27269 -0.51182
-0.37638 -0.11896 -0.51178
-0.38837 -0.03924 -0.51183
-0.36836 -0.03915 -0.52894
-0.31437 -0.20029 -0.96699
-0.33015 -0.01749 -0.98469
-0.34910 -0.02615 -0.98449
-0.36885 -0.02779 -0.96664
-0.34892 0.05879 -0.98442
-0.35178 0.04087 -0.98446
-0.34989 0.11103 -0.96704
-0.38706 0.02720 -0.51181
-0.38822 0.01095 -0.51182
-0.37175 0.08618 -0.51185
-0.31472 0.21554 -0.51192
-0.32814 0.16395 -0.52911
-0.21654 0.31834 -0.51184
-0.38681 0.50156 -0.51083
-0.50980 0.31954 -0.51083
-0.51234 0.22306 -0.51079
-0.51156 0.16549 -0.51079
-0.52745 0.16493 -0.49389
-0.52740 0.29928 -0.49230
-0.52744 0.16579 -0.26944
-0.52744 0.15270 -0.27705
-0.27989 0.23281 -0.19067
-0.25995 0.23235 -0.19142
-0.51011 0.27461 -0.12849
-0.29231 0.26783 -0.14178
-0.32188 0.29322 -0.08517
-0.32620 0.29754 -0.06985
-0.34860 0.30180 -0.05365
-0.33320 0.30727 -0.02125
-0.31054 0.48340 -0.05368
-0.31493 0.46245 0.05092
-0.32502 0.51897 0.07850
-0.32139 0.51896 0.09431
-0.33516 0.51897 0.00983
-0.29620 0.50101 -0.09814
-0.20195 0.51910 -0.25486
-0.21280 0.51913 -0.24638
-0.09606 0.51912 -0.30429
-0.15916 0.51908 -0.27694
-0.14491 0.51910 -0.28447
-0.26112 0.48810 -0.16495
-0.26173 0.50356 -0.16441
-0.26922 0.50342 -0.15199
-0.09331 0.50153 -0.28781
0.12646 0.51902 -0.29097
0.04389 0.51911 -0.31153
0.04191 0.51914 -0.47893
0.08389 0.51904 -0.49487
0.06891 0.51896 -0.49490
0.12040 0.35663 -0.51188
0.13741 0.35020 -0.51191
-0.05120 0.49848 -0.51085
0.00603 0.51891 -0.49483
0.02026 0.51890 -0.49482
-0.03459 0.51900 -0.49470
-0.01435 0.51916 -0.31800
-0.10626 0.51889 -0.49586
-0.09278 0.51897 -0.49577
-0.33331 0.51911 -0.49255
-0.25402 0.51924 -0.20335
-0.24459 0.51920 -0.21368
-0.28095 0.51914 -0.16568
-0.51494 0.38039 -0.51083
-0.51492 0.40477 -0.51081
-0.51358 0.48034 -0.51054
-0.51352 0.49915 -0.51045
-0.52717 0.48034 -0.49562
-0.52719 0.49946 -0.48072
-0.52711 0.49916 -0.49553
-0.52729 0.50279 -0.41225
-0.52745 0.49913 -0.17866
-0.52735 0.31950 -0.05673
-0.52738 0.31580 -0.07240
-0.52751 0.48093 -0.07574
-0.51205 0.51898 0.04074
-0.51203 0.51899 0.02255
-0.52735 0.32339 0.06071
-0.34461 0.51940 0.11780
-0.51007 0.25902 0.18621
-0.52745 0.13938 0.32009
-0.20288 0.14958 0.28932
-0.30269 0.26503 0.17763
-0.29039 0.26799 0.17284
-0.23860 0.25141 0.22404
-0.22987 0.26410 0.23373
-0.15262 0.16486 0.29234
-0.23111 0.51909 0.25492
-0.03754 0.51911 0.34734
-0.02299 0.51912 0.34875
-0.08105 0.51909 0.34119
-0.09320 0.51910 0.33754
0.02351 0.51892 0.52377
-0.23895 0.30451 0.54175
-0.25876 0.31778 0.54153
-0.25072 0.29538 0.54166
-0.24132 0.27389 0.55816
-0.27275 0.24298 0.55818
-0.26155 0.25478 0.57451
-0.26292 0.25387 0.55813
-0.31121 0.19342 0.56107
-0.33954 0.14057 0.55776
-0.34565 0.12650 0.55763
-0.38854 0.02721 0.54171
-0.36484 -0.06290 0.99395
-0.32827 -0.13470 1.01417
-0.32193 -0.15066 1.01416
-0.23115 0.25341 1.01432
-0.20204 0.25170 1.01453
-0.03847 -0.35210 1.01442
-0.21493 -0.28008 1.01434
-0.25416 -0.24644 1.01430
-0.29843 -0.19429 1.01423
0.05450 -0.37138 0.55949
-0.02324 -0.37387 0.98215
-0.01491 -0.37420 0.99822
0.05485 -0.35057 1.01442
0.11643 -0.35432 0.99817
0.19356 -0.29533 1.01438
0.17760 -0.30559 1.01438
0.29679 -0.19159 1.01434
0.28640 -0.20655 1.01438
0.29548 -0.22237 0.99655
0.31450 -0.15990 1.01435
0.32184 -0.14317 1.01439
0.33709 -0.08953 1.01445
0.36568 0.00712 0.99819
0.35884 0.06481 0.99766
0.32335 0.16785 0.55977
0.34505 0.11995 0.55974
0.38484 0.04308 0.54165
0.52395 -0.15307 0.52137
0.52394 -0.16955 0.52138
0.52409 -0.23943 0.52270
0.50795 -0.31460 0.54070
0.31194 -0.22899 0.54166
0.33429 -0.22639 0.54151
0.32339 -0.21235 0.54166
0.23858 -0.28581 0.55727
0.17089 -0.51582 0.54055
0.12079 -0.35474 0.55955
-0.09248 -0.36440 0.57514
-0.09464 -0.36428 0.55844
-0.12384 -0.35528 0.55841
-0.10993 -0.53223 0.52186
-0.03861 -0.53231 0.52269
-0.11517 -0.53257 0.33257
-0.05079 -0.53255 0.34580
0.03227 -0.53232 0.52243
0.00208 -0.53252 0.34905
0.01893 -0.53251 0.34846
0.00292 -0.51514 0.33122
0.09024 -0.53250 0.33643
0.07050 -0.51531 0.32266
0.07818 -0.53228 0.52244
0.09305 -0.53226 0.52241
0.16201 -0.53242 0.51999
0.14510 -0.53233 0.52003
0.21435 -0.53246 0.52122
0.35943 -0.51287 0.54053
0.37533 -0.51289 0.54049
0.50700 -0.53204 0.52490
0.48806 -0.53242 0.49108
0.47147 -0.53240 0.50647
0.52416 -0.45415 0.52169
0.52410 -0.43811 0.52172
0.52409 -0.36810 0.52442
0.52408 -0.51451 0.45925
0.52408 -0.51451 0.44297
0.52408 -0.51651 0.36769
0.52408 -0.51651 0.38614
0.52404 -0.51249 0.29498
0.52429 -0.18532 0.29633
0.52423 -0.19991 0.28642
0.52398 -0.10212 0.52181
0.52428 -0.12994 0.32573
0.52420 -0.11391 0.33157
0.50048 0.11814 0.54077
0.52398 0.18740 0.52695
0.52403 0.20851 0.52691
0.52418 0.21464 0.26377
0.21152 0.16825 0.27679
0.21307 0.22331 0.24557
0.22731 0.23725 0.23165
0.31960 0.29251 0.11552
0.34421 0.29904 0.09447
0.36266 0.29535 0.10557
0.31061 0.32270 0.06242
0.31284 0.32499 0.04569
0.32774 0.51902 0.07499
0.27412 0.51911 0.20087
0.19689 0.51914 0.28493
0.22012 0.48434 0.23903
0.10045 0.51909 0.33181
0.03908 0.51910 0.34725
0.02370 0.51912 0.34875
0.07689 0.51887 0.52216
0.20654 0.31898 0.54165
0.37063 0.51880 0.52429
0.36430 0.51908 0.50789
0.35351 0.51882 0.52428
0.47890 0.51947 0.44775
0.42372 0.51879 0.52563
0.51163 0.51908 0.41394
0.51159 0.51912 0.43494
0.52418 0.50184 0.26722
0.52416 0.50185 0.28433
0.50912 0.51908 0.21506
0.50914 0.51907 0.19638
0.52418 0.27445 0.18943
0.52425 0.26605 0.20197
0.50899 0.51904 0.12098
0.50899 0.51905 0.13931
0.47907 0.51944 0.17764
0.52416 0.50099 -0.01720
0.52418 0.50097 -0.00004
0.52413 0.50227 -0.06813
0.33241 0.51906 0.01382
0.33185 0.51904 0.02870
0.30672 0.51912 -0.11267
0.17140 0.51903 -0.26883
0.18312 0.19947 -0.24112
0.19225 0.20893 -0.23341
0.21927 0.18690 -0.23381
0.21014 0.17745 -0.24152
0.22958 0.16879 -0.24669
0.23003 0.25177 -0.19804
0.26719 0.28155 -0.14962
0.25968 0.27386 -0.16248
0.24153 0.21901 -0.20640
0.52419 0.22095 -0.22814
0.47189 0.18991 -0.23200
0.47020 0.17568 -0.24257
0.48870 0.18563 -0.23607
0.52433 -0.20558 -0.27759
0.52416 -0.18993 -0.26586
0.52414 -0.20187 -0.25719
0.52392 -0.19564 -0.49087
0.48211 -0.12381 -0.51103
0.38840 -0.14703 -0.51155
0.37231 -0.12064 -0.51168
0.38647 0.02305 -0.51181
0.36728 0.00726 -0.52955
0.36634 -0.01633 -0.96763
0.36639 -0.02921 -0.95092
0.36563 -0.03474 -0.96762
0.35046 -0.01070 -0.98452
0.34595 0.04140 -0.98455
0.34309 0.05801 -0.98456
0.32512 0.12342 -0.98451
0.33938 -0.10289 -0.98453
0.34447 -0.08363 -0.98452
0.17286 -0.31326 -0.98441
0.18651 -0.30482 -0.98446
0.24850 -0.27571 -0.96766
0.28505 -0.23632 -0.96846
0.29575 -0.22231 -0.96849
0.07969 -0.36464 -0.96731
0.09393 -0.36135 -0.96741
-0.10141 -0.34430 -0.98446
-0.11620 -0.33971 -0.98446
-0.15111 -0.34204 -0.98427
-0.13099 -0.33513 -0.98446
-0.17984 -0.32774 -0.98430
-0.12195 -0.35377 -0.98425
-0.09237 -0.36294 -0.98425
0.12696 -0.35030 -0.96728
0.31997 -0.18391 -0.98445
0.33586 -0.15180 -0.98440
0.32565 -0.13596 -0.98456
0.29275 -0.19721 -0.98462
0.30132 -0.21398 -0.98444
0.27992 -0.24200 -0.98439
0.24962 -0.25100 -0.98455
0.35028 0.09699 -0.98437
0.33975 0.12813 -0.98431
0.35841 0.06481 -0.98439
0.36678 0.01990 -0.96765
0.36413 0.03159 -0.98437
0.35907 -0.07795 -0.98432
0.34889 -0.11648 -0.98436
0.38736 -0.02716 -0.51179
0.36640 -0.03475 -0.51192
0.36241 -0.06704 -0.51189
0.38043 -0.09316 -0.51175
0.50394 -0.08238 -0.51085
0.50298 -0.09995 -0.51085
0.52385 -0.01289 -0.51070
0.52406 -0.01401 -0.49279
0.52406 -0.03330 -0.49263
0.52384 -0.04394 -0.51068
0.52404 -0.08160 -0.49262
0.52383 -0.07613 -0.51068
0.52372 -0.14070 -0.51069
0.52379 -0.10839 -0.51068
0.52404 -0.09980 -0.49158
0.50636 -0.11445 -0.28308
0.52400 -0.11937 -0.28110
0.50639 -0.15743 -0.26477
0.52401 -0.14802 -0.26890
0.50652 -0.09500 -0.28940
0.52399 -0.08905 -0.29061
0.52398 -0.05706 -0.29742
0.50651 -0.04702 -0.29961
0.52417 -0.10069 -0.30676
0.52411 0.04097 -0.29806
0.52437 0.10152 -0.30560
0.52421 0.10080 -0.28331
0.52411 0.12666 -0.27208
0.50738 0.08731 -0.28885
0.50722 0.04041 -0.29799
0.50723 0.12610 -0.27201
0.50551 0.18135 -0.24015
0.52402 0.17837 -0.24186
0.52405 0.15252 -0.25826
0.52401 0.20230 -0.22269
0.50720 0.19558 -0.22958
0.52402 0.22431 -0.20077
0.50721 0.22859 -0.19669
0.27780 0.25434 -0.16502
0.26292 0.25827 -0.15849
0.30034 0.27741 -0.12643
0.27795 0.27365 -0.13276
0.19912 0.51901 -0.25142
0.25230 0.51885 -0.17274
0.26238 0.51901 -0.18923
0.27085 0.51894 -0.14513
0.29019 0.51915 -0.14781
0.24887 0.51901 -0.20362
0.23133 0.51880 -0.19833
0.20794 0.51880 -0.22188
0.31854 0.51905 -0.08212
0.30668 0.51887 -0.05494
0.31253 0.51888 -0.02437
0.31537 0.50061 -0.00565
0.52401 0.51890 0.00901
0.52397 0.51894 -0.02530
0.52409 0.51885 0.07734
0.52404 0.51887 0.04322
0.52409 0.28841 0.12980
0.52410 0.28285 0.17690
0.52397 0.27543 0.15745
0.52420 0.50183 0.25012
0.50909 0.51909 0.23373
0.50794 0.51912 0.32077
0.52403 0.51893 0.32897
0.50812 0.51905 0.37519
0.52415 0.51888 0.36525
0.51169 0.51905 0.39295
0.45838 0.51883 0.52562
0.50885 0.51888 0.48570
0.47847 0.51851 0.54041
0.50861 0.51840 0.53985
0.52377 0.51850 0.52152
0.52393 0.51882 0.48542
0.47839 0.50152 0.54073
0.52346 0.46737 0.54051
0.52362 0.50135 0.53988
0.44605 0.51855 0.54070
0.41139 0.51851 0.54071
0.40639 0.51877 0.52564
0.38774 0.51877 0.52431
0.26911 0.51900 0.52342
0.25138 0.51900 0.52312
0.12910 0.51878 0.52710
0.11131 0.51878 0.52222
0.18457 0.51874 0.52712
0.17561 0.51846 0.54074
0.13863 0.51848 0.54073
0.20213 0.51874 0.52327
0.16970 0.51913 0.29878
0.15797 0.51895 0.28747
0.10541 0.51890 0.31272
0.07520 0.51890 0.32203
0.20111 0.51899 0.25707
0.18068 0.51897 0.27276
0.22037 0.51901 0.23938
0.23848 0.51901 0.21969
0.27313 0.50182 0.17130
0.27152 0.51883 0.17335
0.25553 0.51896 0.19768
0.28518 0.51878 0.14735
0.31372 0.51902 0.11924
0.29650 0.51881 0.11967
0.29865 0.49952 0.11492
0.30367 0.49989 0.09942
0.30359 0.31710 0.09849
0.30115 0.29620 0.10442
0.28989 0.28544 0.13552
0.28670 0.30096 0.14514
0.30837 0.32041 0.07915
0.25093 0.26534 0.20806
0.26088 0.25556 0.19209
0.27647 0.27189 0.16474
0.24155 0.25119 0.21772
0.25755 0.23630 0.21738
0.23885 0.23346 0.21968
0.21484 0.19448 0.25915
0.21038 0.20557 0.24753
0.52403 0.14078 0.29296
0.52423 0.14213 0.31153
0.52394 0.17073 0.27530
0.52423 0.12644 0.32030
0.52392 0.14867 0.52147
0.52392 0.16629 0.52698
0.52373 0.07155 0.54060
0.52376 0.03439 0.54062
0.52397 0.07991 0.52403
0.52410 -0.02962 0.32938
0.52399 -0.06783 0.32437
0.50734 -0.00093 0.33146
0.50774 0.11851 0.30508
0.52409 0.10935 0.30748
0.52412 0.07645 0.31884
0.50779 0.06915 0.32212
0.52392 -0.51750 0.49430
0.52345 -0.53196 0.52481
0.52350 -0.51718 0.54018
0.52373 -0.53217 0.49422
0.52388 -0.48784 0.54033
0.50685 -0.53194 0.54020
0.50742 -0.48792 0.54043
0.47414 -0.51743 0.54047
0.47395 -0.53210 0.54039
0.52388 -0.42505 0.54051
0.50740 -0.46884 0.54061
0.52400 -0.45713 0.54044
0.03663 -0.51511 0.33004
-0.03507 -0.53254 0.34869
-0.10875 -0.38329 0.54156
-0.03376 -0.37433 0.54187
-0.04377 -0.37385 0.55959
-0.00171 -0.37569 0.54185
0.00432 -0.37588 0.55957
0.01773 -0.53211 0.54049
0.04877 -0.53210 0.54053
0.06186 -0.37055 0.54182
0.03017 -0.37443 0.54184
0.02346 -0.39605 0.54168
0.09441 -0.36320 0.54183
0.12782 -0.35239 0.54185
0.24069 -0.30659 0.54156
0.23255 -0.29103 0.54171
0.28627 -0.26379 0.54167
0.26294 -0.26250 0.54179
0.19915 -0.31572 0.54172
0.16273 -0.33656 0.54181
0.20872 -0.31061 0.55807
0.15409 -0.34187 0.55821
0.22339 -0.30007 0.55723
0.27673 -0.53219 0.54040
0.31120 -0.53219 0.54037
0.32550 -0.51262 0.54056
0.25652 -0.51291 0.54061
0.52378 -0.07529 0.54056
0.52372 -0.11058 0.54056
0.52380 -0.03928 0.54058
0.52401 0.00594 0.52316
0.52379 -0.00256 0.54061
0.36217 -0.07077 0.54175
0.36324 -0.06641 0.55866
0.35207 -0.11620 0.55863
0.36647 -0.03679 0.54177
0.36763 -0.00202 0.54179
0.36796 0.00282 0.55896
0.29229 0.21689 0.54185
0.27230 0.24084 0.54177
0.29469 0.21398 0.55933
0.30642 0.19786 0.55979
0.36564 -0.02141 1.01432
0.36507 0.01754 1.01428
0.34518 0.02453 1.01442
0.34313 -0.13397 1.01423
0.32846 -0.16743 1.01415
0.26632 -0.25692 1.01423
0.23976 -0.28277 1.01421
0.23388 -0.28954 0.99724
0.26306 -0.23466 1.01441
0.27603 -0.22151 1.01441
0.14394 -0.34356 1.01422
0.09141 -0.34671 1.01441
0.10658 -0.35721 1.01423
0.33071 -0.16639 0.54177
0.34424 -0.13583 0.54174
0.31249 -0.19831 0.54180
0.28959 -0.23159 0.54181
0.35592 0.08875 0.55972
0.35987 0.07104 0.55931
0.36048 0.06571 0.54180
0.36563 0.03214 0.54180
0.13750 -0.34934 0.55956
-0.28027 -0.24943 0.56106
-0.28584 -0.24160 0.54187
-0.30947 -0.21020 0.56120
-0.30531 -0.21545 0.54196
-0.27705 -0.22128 1.01428
-0.28986 -0.20812 1.01428
-0.18751 -0.30057 1.01438
-0.17336 -0.31060 1.01438
-0.12565 -0.33417 1.01432
-0.14745 -0.34347 1.01414
-0.17926 -0.32776 1.01419
-0.11458 -0.35599 1.01415
-0.08064 -0.36531 1.01421
-0.07474 -0.34815 1.01441
-0.33460 -0.11874 1.01418
-0.36524 -0.05822 1.01403
-0.35872 -0.09236 1.01397
-0.35037 -0.03170 1.01427
-0.36851 -0.02386 1.01409
-0.35038 0.02021 1.01433
-0.36852 0.01075 1.01412
-0.36907 0.02284 0.99621
-0.36810 -0.04583 0.99399
-0.33843 -0.15556 0.54205
-0.32284 -0.18677 0.54202
-0.31814 -0.19672 0.56220
-0.35965 -0.09068 0.54209
-0.36586 -0.05882 0.54207
-0.36933 -0.02795 0.54200
-0.36324 0.06583 0.55764
-0.36349 0.06566 0.54178
-0.35177 0.11243 0.55749
-0.36826 0.03447 0.54187
-0.37013 0.00315 0.54194
-0.37057 -0.00116 0.56074
-0.21776 0.29215 0.55834
-0.16181 0.32489 0.54185
-0.19218 0.30854 0.54198
-0.12897 0.33853 0.55832
-0.13253 0.33801 0.54177
-0.08668 0.35335 0.55830
-0.10434 0.34790 0.54177
-0.25192 0.51898 0.52539
-0.26225 0.51873 0.54070
-0.30688 0.51886 0.52540
-0.29890 0.51865 0.54070
-0.22340 0.51875 0.54068
-0.18234 0.51872 0.54067
-0.17214 0.51894 0.52578
-0.08551 0.49894 0.54081
-0.07538 0.51860 0.54067
-0.03963 0.51867 0.54064
-0.01848 0.36273 0.55897
-0.00676 0.36208 0.54177
0.03506 0.36085 0.55894
0.02894 0.36083 0.54175
-0.35150 0.10459 1.01407
-0.34106 0.13216 1.01419
-0.35967 0.07511 1.01404
-0.34100 0.08593 1.01423
-0.36557 0.04374 1.01411
-0.34985 0.03887 1.01433
-0.31573 0.14274 1.01441
-0.28374 0.19544 1.01437
-0.29848 0.20875 1.01416
-0.25542 0.23145 1.01425
-0.20671 0.29774 1.01417
-0.08696 0.35145 0.99715
0.05018 0.33863 1.01439
0.06611 0.35339 1.01421
0.10077 0.34527 1.01420
0.17844 0.29510 1.01440
0.18785 0.30815 1.01418
0.21734 0.26995 1.01422
0.21378 0.29138 1.01406
0.16069 0.32270 1.01422
0.13230 0.33504 1.01420
0.26208 0.24881 1.01413
0.25267 0.23576 1.01435
0.23853 0.27161 1.01404
0.26267 0.22112 1.01435
0.28451 0.22272 1.01418
0.30581 0.19332 1.01420
0.18082 0.31378 0.55879
0.16216 0.32448 0.56040
0.09729 0.34900 0.54173
0.06362 0.35647 0.54174
0.03304 0.51868 0.54061
-0.00349 0.51869 0.54062
0.23069 0.28037 0.54171
0.25176 0.26200 0.54173
0.52385 0.29544 0.52072
0.52364 0.29141 0.54070
0.52408 0.22962 0.52688
0.52372 0.45058 0.52637
0.52444 0.46796 0.49713
0.52415 0.40077 0.52607
0.52382 0.40057 0.54053
0.52353 0.43378 0.54073
0.52386 0.36497 0.54051
0.52366 0.32696 0.54066
0.52415 0.36946 0.52588
0.52385 0.31244 0.52612
0.20726 0.29755 0.54177
0.18148 0.31355 0.54192
0.25110 0.26224 0.55859
0.33949 0.12881 1.01423
0.32414 0.16201 1.01421
0.33277 0.09753 1.01441
0.30227 0.16183 1.01438
0.35157 0.09341 1.01424
0.36037 0.05581 1.01425
-0.11235 0.34312 1.01421
-0.14545 0.33100 1.01417
0.02998 0.35807 1.01418
-0.00760 0.35930 1.01409
-0.02465 0.34418 1.01425
-0.04375 0.35723 1.01409
-0.23375 0.27770 1.01413
-0.25802 0.25574 1.01407
-0.31490 0.18405 1.01421
-0.29478 0.18084 1.01437
-0.32886 0.15865 1.01423
-0.01596 0.36073 0.99752
0.12775 0.33934 0.54179
0.15498 0.32747 0.54193
0.05320 0.35901 0.55873
-0.03745 0.36075 0.55833
-0.04101 0.36024 0.54178
-0.07384 0.35530 0.54177
-0.01302 0.51893 0.52379
-0.03069 0.51893 0.52324
0.01393 0.51896 0.33120
0.04470 0.51892 0.32819
-0.00850 0.50073 0.33198
-0.01601 0.51896 0.33128
-0.04511 0.51892 0.32845
-0.12019 0.51888 0.30724
-0.12096 0.51911 0.32475
-0.14410 0.51878 0.29687
-0.15683 0.51896 0.30919
-0.20889 0.50254 0.25459
-0.24752 0.26031 0.21410
-0.24149 0.21140 0.24475
-0.22946 0.22093 0.23423
-0.26828 0.23810 0.21493
-0.24732 0.23873 0.21435
-0.22884 0.19748 0.25516
-0.20997 0.20150 0.25273
-0.18885 0.18044 0.26984
-0.19716 0.16589 0.28083
-0.17920 0.18950 0.27746
-0.52722 0.18464 0.26711
-0.52736 0.20265 0.27664
-0.52728 0.16075 0.28347
-0.52745 0.16682 0.30118
-0.52736 0.21764 0.26376
-0.52720 0.20704 0.24852
-0.52721 0.22796 0.22771
-0.50841 0.23011 0.22552
-0.51004 0.24094 0.21341
-0.52739 0.25905 0.21753
-0.52739 0.51874 0.12499
-0.52738 0.51874 0.08785
-0.51362 0.51896 0.13454
-0.51360 0.51896 0.07883
-0.51229 0.51896 0.15327
-0.52739 0.51875 0.16189
-0.52737 0.51877 0.19856
-0.51225 0.51899 0.20827
-0.51159 0.51899 0.22589
-0.31369 0.51895 0.12858
-0.29624 0.51879 0.12926
-0.29549 0.51917 0.16981
-0.28410 0.51894 0.15675
-0.25556 0.50219 0.20308
-0.25495 0.51891 0.20449
-0.27034 0.51898 0.18182
-0.29098 0.28385 0.14206
-0.28689 0.30178 0.15241
-0.30221 0.29410 0.11434
-0.27910 0.29137 0.16625
-0.31452 0.29114 0.11913
-0.52728 0.28063 0.14724
-0.51056 0.27726 0.15635
-0.52725 0.29272 0.11592
-0.52732 0.51878 0.01469
-0.52735 0.51875 0.05108
-0.50948 0.51901 -0.01244
-0.52726 0.51881 -0.02039
-0.52718 0.51884 -0.05417
-0.51202 0.51901 0.00436
-0.52714 0.30863 0.01927
-0.52714 0.30764 -0.01244
-0.52714 0.51891 -0.24043
-0.52728 0.51876 -0.21148
-0.52714 0.51894 -0.27040
-0.51242 0.51902 -0.31566
-0.52729 0.51886 -0.30139
-0.52748 0.50127 -0.21394
-0.52722 0.50286 -0.37398
-0.52709 0.51895 -0.36693
-0.52727 0.51886 -0.33357
-0.52707 0.51897 -0.40046
-0.52722 0.51892 -0.43417
-0.52744 0.50274 -0.44595
-0.52724 0.46153 -0.49571
-0.52739 0.42763 -0.49664
-0.52724 0.41803 -0.51062
-0.52728 0.36928 -0.51065
-0.52744 0.35451 -0.49669
-0.52704 0.51798 -0.49543
-0.51345 0.51797 -0.51036
-0.52721 0.51858 -0.46582
-0.51370 0.51888 -0.46594
-0.48652 0.51887 -0.49578
-0.48644 0.51856 -0.51059
-0.26344 0.51928 -0.19302
-0.19131 0.51874 -0.51078
-0.18122 0.51893 -0.49421
-0.16104 0.51866 -0.51084
-0.13175 0.51859 -0.51089
-0.16367 0.51893 -0.49586
-0.11974 0.51882 -0.49595
-0.04778 0.51904 -0.49463
-0.10363 0.51862 -0.51084
-0.07667 0.51877 -0.51067
-0.06439 0.49852 -0.51078
-0.04596 0.36004 -0.51198
-0.07372 0.35529 -0.51197
0.01316 0.36235 -0.51194
-0.01701 0.36240 -0.51197
0.02512 0.36239 -0.52883
-0.02013 0.36246 -0.52887
0.04054 0.36038 -0.52930
0.04372 0.35976 -0.51194
0.17317 0.31733 -0.51211
0.21681 0.30983 -0.51187
0.20307 0.29931 -0.51206
0.15443 0.34378 -0.51195
0.10338 0.36305 -0.51184
0.08516 0.37272 -0.51184
0.11901 0.51912 -0.49489
0.00314 0.50111 -0.30210
0.02101 0.50188 -0.30134
0.02857 0.51896 -0.30007
0.07160 0.50171 -0.29326
0.06230 0.51884 -0.29468
-0.00460 0.51900 -0.30172
-0.03723 0.51898 -0.29962
-0.04579 0.50108 -0.29896
-0.06171 0.50155 -0.29627
-0.30533 0.51885 -0.12532
-0.29017 0.51867 -0.11414
-0.30092 0.51883 -0.08917
-0.30948 0.31752 0.09117
-0.31052 0.30212 0.08300
-0.31589 0.30792 0.04807
-0.31753 0.32622 0.03877
-0.32549 0.29902 0.10118
-0.50924 0.30906 0.02816
-0.50924 0.30756 -0.01940
-0.31478 0.32490 -0.03354
-0.31105 0.32168 -0.05093
-0.52726 0.21176 -0.21309
-0.51004 0.21387 -0.21154
-0.52729 0.18816 -0.23324
-0.52725 0.23389 -0.18937
-0.52740 0.24319 -0.20606
-0.52726 0.25456 -0.16209
-0.52740 0.30840 -0.10670
-0.52725 0.28549 -0.10535
-0.52742 0.28780 -0.14979
-0.52726 0.27176 -0.13408
-0.52727 0.10927 -0.27886
-0.52724 0.07985 -0.28907
-0.51001 0.08010 -0.28876
-0.52743 0.13960 -0.28466
-0.52747 0.18419 -0.49388
-0.52725 0.09903 -0.51063
-0.52722 0.06255 -0.51062
-0.52737 0.05401 -0.49210
-0.50982 0.33767 -0.51084
-0.51496 0.35602 -0.51084
-0.28234 0.51890 -0.51065
-0.25292 0.51888 -0.51068
-0.18786 0.32978 -0.51184
-0.17712 0.31740 -0.51205
-0.15063 0.33011 -0.51215
-0.14802 0.33148 -0.52923
-0.07778 0.35471 -0.53042
-0.03614 0.36183 -0.53044
-0.32103 0.17868 -0.52910
-0.31141 0.19408 -0.52932
-0.26725 0.24876 -0.51208
-0.24524 0.26966 -0.51202
-0.28201 0.23366 -0.52932
-0.28363 0.25727 -0.51193
-0.25061 0.28862 -0.51183
-0.32455 0.17080 -0.51211
-0.33875 0.14132 -0.51213
-0.35090 0.10836 -0.51208
-0.36099 0.07191 -0.51198
-0.17449 0.29907 -0.98444
-0.18248 0.31279 -0.98421
-0.21438 0.27406 -0.98439
-0.20908 0.29611 -0.98418
-0.27583 0.23756 -0.98438
-0.26622 0.24939 -0.96794
-0.29451 0.21529 -0.98424
-0.32193 0.14019 -0.98449
-0.34082 0.13419 -0.98427
-0.33936 0.09283 -0.98440
-0.35244 0.10262 -0.98420
-0.35464 0.02295 -0.98449
-0.35020 0.00716 -0.98449
-0.28739 -0.21046 -0.98452
0.11868 -0.33786 -0.98468
0.17585 0.29886 -0.98450
0.20720 0.29518 -0.98432
0.23597 0.27301 -0.98437
0.23297 0.25546 -0.98456
0.17817 0.31364 -0.98428
0.14886 0.32839 -0.98422
0.13884 0.33393 -0.96733
0.24641 0.24423 -0.98456
0.22375 0.28559 -0.52834
0.25768 0.25518 -0.51194
0.23124 0.27860 -0.51201
0.28949 0.24100 -0.51178
0.28320 0.22642 -0.51196
0.30779 0.19231 -0.51206
0.36977 0.10689 -0.51180
0.35306 0.09548 -0.51194
0.36111 0.06200 -0.51196
0.50885 0.28747 -0.51085
0.50750 0.26723 -0.51085
0.52383 0.10348 -0.51063
0.50862 0.14965 -0.51064
0.52410 0.13369 -0.51047
0.52395 0.07314 -0.49281
0.52383 0.04605 -0.51072
0.52422 0.15598 -0.27635
0.52420 0.36572 -0.49840
0.52420 0.34737 -0.49511
0.52404 0.33658 -0.51080
0.52405 0.29907 -0.51071
0.50946 0.36348 -0.51097
0.52404 0.37775 -0.51079
0.50949 0.43074 -0.51084
0.52405 0.42260 -0.51071
0.52422 0.43299 -0.49827
0.38998 0.50200 -0.51107
0.27409 0.51904 -0.51055
0.24386 0.51886 -0.51077
0.50774 0.51905 -0.37665
0.52408 0.51882 -0.36698
0.50778 0.51893 -0.32496
0.52410 0.51874 -0.33252
0.52412 0.50345 -0.17300
0.52392 0.51901 -0.12779
0.52392 0.51904 -0.16256
0.52411 0.50230 -0.10210
0.52411 0.50341 -0.12084
0.52390 0.30920 -0.00009
0.52391 0.30903 0.03350
0.52385 0.29984 -0.06349
0.52405 0.31628 -0.07319
0.50423 0.30760 -0.02478
0.50418 0.29815 -0.07138
0.36243 0.31019 -0.00226
0.31496 0.32622 0.01073
0.31369 0.30869 0.00230
0.31142 0.35506 -0.03136
0.30888 0.32000 -0.04822
0.30964 0.30454 -0.03700
0.31192 0.39343 0.05754
0.29698 0.35179 -0.08880
0.30207 0.29719 -0.07246
0.30407 0.31891 -0.06737
0.27997 0.30444 -0.12946
0.52394 0.26251 -0.15174
0.50722 0.24045 -0.18267
0.52400 0.24438 -0.17712
0.52411 0.28887 -0.13780
0.52390 0.27785 -0.12404
0.52386 0.29041 -0.09403
0.52418 0.19475 -0.25173
0.52418 0.20994 -0.23911
0.30751 0.28461 -0.11103
0.36040 0.30812 -0.02191
0.27471 0.28924 -0.13675
0.52413 0.24374 0.20887
0.52398 0.26054 0.18380
0.50592 0.28957 0.12752
0.50650 0.29631 0.10983
0.39881 0.29023 0.12280
0.52409 0.29841 0.09956
0.52398 0.30544 0.06672
0.52401 0.51892 -0.23339
0.52395 0.51901 -0.19776
0.50689 0.51906 -0.25882
0.52405 0.51887 -0.40134
0.52405 0.51888 -0.43560
0.52421 0.49719 -0.25905
0.52406 0.51883 -0.26723
0.52410 0.51874 -0.29927
0.50819 0.51905 -0.39567
0.50819 0.51907 -0.44706
0.50955 0.51896 -0.46715
0.50929 0.51818 -0.51033
0.52396 0.51863 -0.46713
0.44860 0.51928 -0.49593
0.42073 0.51866 -0.51082
0.40328 0.51878 -0.49637
0.22962 0.51899 -0.49587
0.18589 0.51887 -0.51079
0.21446 0.51881 -0.51085
0.30384 0.51910 -0.51050
0.33311 0.51904 -0.51062
0.39116 0.51862 -0.51090
0.36222 0.51888 -0.51075
0.34657 0.50238 -0.51085
0.30266 0.50247 -0.51067
0.52379 0.49965 -0.51040
0.50632 0.50307 -0.51058
0.52397 0.46323 -0.51058
0.52421 0.29112 -0.49499
0.52413 0.19606 -0.51051
0.52409 0.22895 -0.51058
0.52406 0.26320 -0.51064
0.34180 0.12799 -0.51198
0.32733 0.15950 -0.51206
0.27643 0.23656 -0.52583
0.31332 0.18540 -0.52598
-0.15410 0.32732 -0.98425
-0.12393 0.33972 -0.98430
-0.02950 0.36018 -0.98425
-0.03301 0.34542 -0.98447
0.00344 0.36136 -0.98422
0.01640 0.34720 -0.98442
0.06023 0.34024 -0.98463
0.03452 0.35964 -0.98428
-0.04962 0.34132 -0.98447
-0.31339 0.15637 -0.98449
-0.32722 0.16352 -0.98427
-0.31164 0.19061 -0.98420
-0.29002 0.19700 -0.98440
-0.09678 0.33107 -0.98451
-0.06169 0.35617 -0.98428
-0.09313 0.34933 -0.98431
0.01796 0.36219 -0.96713
0.07979 0.35272 -0.96739
0.12024 0.33999 -0.98427
0.09231 0.34845 -0.98441
0.32318 0.16920 -0.53012
0.34489 0.12192 -0.52998
0.35072 0.10611 -0.52767
0.36278 0.05589 -0.52770
0.30901 0.18919 -0.98429
0.32599 0.15886 -0.98429
0.29438 0.18448 -0.98449
0.31986 0.13899 -0.98449
0.28798 0.21875 -0.98431
0.26289 0.24753 -0.98436
0.13188 0.32098 -0.98442
0.20604 -0.30993 -0.98427
0.17875 -0.32682 -0.98418
0.12456 -0.35141 -0.98444
0.15922 -0.32171 -0.98437
0.15159 -0.34065 -0.98423
-0.24381 -0.26050 -0.98452
-0.23163 -0.27362 -0.98452
-0.23469 -0.29016 -0.98433
-0.20770 -0.31045 -0.98433
-0.25939 -0.26816 -0.98434
-0.28182 -0.24443 -0.98433
-0.33337 -0.16517 -0.98425
-0.34582 -0.13553 -0.98424
-0.35134 -0.05912 -0.98450
-0.36364 -0.06878 -0.98429
-0.33974 -0.11105 -0.98445
-0.35591 -0.10340 -0.98425
-0.36830 -0.04444 -0.96664
-0.32941 -0.17593 -0.52921
-0.34229 -0.14930 -0.51190
-0.32974 -0.17594 -0.51193
-0.35255 -0.12126 -0.51191
-0.36050 -0.09182 -0.51194
-0.36017 -0.09181 -0.52922
-0.52704 -0.00659 -0.51070
-0.52715 0.02734 -0.51064
-0.52721 -0.03317 -0.49262
-0.52737 0.03572 -0.49280
-0.52698 -0.04048 -0.51074
-0.52696 -0.07432 -0.51076
-0.52718 -0.08392 -0.49265
-0.52707 -0.16669 -0.48803
-0.52684 -0.14144 -0.51076
-0.52718 -0.10098 -0.49351
-0.52691 -0.10797 -0.51077
-0.52720 -0.21083 -0.48794
-0.16733 -0.33618 -0.51203
-0.13550 -0.35109 -0.51194
-0.24606 -0.28363 -0.52860
-0.23242 -0.29538 -0.52886
-0.27465 -0.25432 -0.51196
-0.25067 -0.27870 -0.51192
-0.03069 -0.37210 -0.98426
-0.06195 -0.36905 -0.98425
-0.19084 -0.32376 -0.52899
-0.05773 -0.37253 -0.52838
-0.03926 -0.37460 -0.52875
-0.03463 -0.37487 -0.51193
-0.00192 -0.37622 -0.51194
0.02841 -0.37494 -0.52900
0.07384 -0.36934 -0.52893
0.08801 -0.36542 -0.51189
0.11287 -0.35732 -0.52904
0.11403 -0.35741 -0.51195
0.13019 -0.35202 -0.52961
0.16085 -0.53219 -0.51056
0.12251 -0.53216 -0.51061
0.17193 -0.53239 -0.49054
0.20027 -0.53222 -0.51054
0.19051 -0.53239 -0.49027
0.24077 -0.53226 -0.51054
0.10967 -0.53239 -0.28089
0.07708 -0.53238 -0.29161
0.07317 -0.53252 -0.31298
0.11399 -0.51543 -0.27974
0.13981 -0.53239 -0.26778
0.16748 -0.53239 -0.25227
0.24218 -0.53227 -0.18662
0.28220 -0.53248 -0.16259
0.26272 -0.53231 -0.15816
0.23880 -0.53243 -0.22152
0.29556 -0.53248 -0.14484
0.50564 -0.53247 -0.22030
0.52412 -0.51459 0.00153
0.52395 -0.53224 0.00940
0.52420 -0.51454 0.05232
0.50612 -0.53242 0.10861
0.52391 -0.53223 0.10928
0.52399 -0.53220 0.07656
0.52402 -0.51352 0.18652
0.52381 -0.53232 0.17673
0.52385 -0.53227 0.14267
0.52408 -0.51343 0.13544
0.52408 -0.51378 0.11890
0.52402 -0.51761 0.20396
0.52399 -0.32310 0.02095
0.52398 -0.32219 -0.01015
0.50518 -0.32190 -0.02331
0.50601 -0.32306 0.04114
0.52399 -0.32065 0.05288
0.50600 -0.31435 0.09029
0.52398 -0.31484 0.08564
0.19571 -0.17979 -0.25128
0.18496 -0.19287 -0.24127
0.20596 -0.21377 -0.22403
0.18001 -0.16685 -0.25784
0.52421 0.01638 -0.31875
0.52403 0.00873 -0.30103
0.52400 -0.02447 -0.30089
0.50729 -0.02809 -0.30093
0.50735 0.02171 -0.30114
0.19948 0.12303 -0.27290
0.18967 0.11315 -0.27866
0.18755 0.15878 -0.25367
0.17177 0.16678 -0.24982
0.15215 0.14703 -0.26135
0.15811 0.12916 -0.27097
0.20101 0.16799 -0.24922
-0.12169 -0.53241 -0.27849
-0.09135 -0.53232 -0.28824
-0.09124 -0.51669 -0.28793
-0.15141 -0.53239 -0.26448
-0.18040 -0.51661 -0.24591
-0.18051 -0.53224 -0.24621
-0.20108 -0.51463 -0.23156
-0.21641 -0.53236 -0.24508
-0.27251 -0.53213 -0.51072
-0.28273 -0.53234 -0.49540
-0.23006 -0.53209 -0.51075
-0.21907 -0.53229 -0.49545
-0.30016 -0.53234 -0.48998
-0.35709 -0.53229 -0.49003
-0.35066 -0.53209 -0.51075
-0.37591 -0.53229 -0.49484
-0.25220 -0.53234 -0.17787
-0.27083 -0.53233 -0.15073
-0.24875 -0.51563 -0.18321
-0.27669 -0.51561 -0.14249
-0.28507 -0.51367 -0.12556
-0.30698 -0.53228 -0.06749
-0.31364 -0.53229 -0.03727
-0.33384 -0.53246 -0.03168
-0.32060 -0.53244 -0.09650
-0.29778 -0.53228 -0.09624
-0.52717 -0.53215 -0.15304
-0.52712 -0.53220 -0.12275
-0.52717 -0.53213 -0.18443
-0.52729 -0.51296 -0.21978
-0.52749 -0.30190 -0.14040
-0.52749 -0.31448 -0.12678
-0.52736 -0.28218 -0.14013
-0.52736 -0.26402 -0.16934
-0.52749 -0.27466 -0.18422
-0.51269 -0.28839 -0.13048
-0.51269 -0.26115 -0.17431
-0.52714 -0.53219 -0.02514
-0.52733 -0.51442 -0.03591
-0.52715 -0.53220 0.01116
-0.52733 -0.51444 0.01854
-0.33495 -0.53246 -0.01164
-0.30895 -0.31372 -0.06131
-0.31480 -0.32001 -0.03074
-0.26530 -0.53205 0.18905
-0.24739 -0.53219 0.21367
-0.29190 -0.53222 0.17747
-0.51141 -0.53242 0.17536
-0.51167 -0.53242 0.19808
-0.52738 -0.51629 0.17673
-0.52743 -0.28722 0.19827
-0.52729 -0.27055 0.18933
-0.52731 -0.25464 0.21183
-0.52729 -0.28518 0.16444
-0.51035 -0.29925 0.13586
-0.52729 -0.29855 0.13717
-0.52726 -0.32172 0.04513
-0.52743 -0.33919 0.05421
-0.52724 -0.32316 0.01126
-0.50972 -0.32150 0.05730
-0.50969 -0.32365 0.00651
-0.30730 -0.31314 0.09545
-0.31394 -0.31946 0.06480
-0.29746 -0.30313 0.12591
-0.28442 -0.28943 0.15620
-0.20140 -0.51456 0.26039
-0.18941 -0.51787 0.26983
-0.20619 -0.53246 0.25566
-0.23365 -0.51436 0.23072
-0.09458 -0.51465 0.31804
-0.07190 -0.53243 0.32319
-0.04044 -0.53241 0.32897
-0.13698 -0.12887 0.30499
-0.15533 -0.13911 0.30229
-0.50999 -0.21485 0.25389
-0.52719 -0.19224 0.27129
-0.52714 -0.16403 0.28905
-0.52738 -0.20589 0.28194
-0.52738 -0.23496 0.52274
-0.52718 -0.10798 0.31469
-0.52714 -0.13594 0.30352
-0.52736 -0.03958 0.34864
-0.52719 -0.04506 0.32908
-0.52720 -0.06970 0.52274
-0.52714 -0.16532 0.54042
-0.52719 -0.20174 0.54039
-0.32676 -0.22223 0.54180
-0.29756 -0.26147 0.54167
-0.28164 -0.27553 0.54167
-0.25615 -0.51538 0.54060
-0.21170 -0.53204 0.54052
-0.41289 -0.53225 0.54036
-0.44681 -0.53230 0.54034
-0.37813 -0.53212 0.54042
-0.33267 -0.53210 0.52221
-0.34252 -0.53192 0.54052
-0.24739 -0.53244 0.24837
-0.19768 -0.53263 0.28390
-0.15623 -0.53257 0.30933
-0.12674 -0.53219 0.52188
-0.14864 -0.53195 0.54054
-0.17981 -0.53196 0.54055
-0.52733 -0.51653 0.26299
-0.52714 -0.53221 0.28932
-0.52712 -0.53220 0.32361
-0.52731 -0.51137 0.33424
-0.52728 -0.39810 0.52176
-0.52710 -0.42496 0.54038
-0.52713 -0.45613 0.54039
-0.52705 -0.53225 0.39733
-0.52709 -0.53221 0.35961
-0.52672 -0.51682 0.54008
-0.52669 -0.53193 0.52459
-0.52700 -0.48675 0.54029
-0.52694 -0.53207 0.49383
-0.51087 -0.53197 0.54006
-0.47947 -0.53221 0.54024
-0.47961 -0.51717 0.54034
-0.51130 -0.48687 0.54038
-0.52703 -0.53224 0.43175
-0.52724 -0.51136 0.42798
-0.52705 -0.53218 0.46288
-0.52716 -0.53222 0.25102
-0.51162 -0.53240 0.26158
-0.52719 -0.53224 0.20868
-0.50982 -0.53244 0.40808
-0.50600 -0.53244 0.42793
-0.47959 -0.53228 0.52486
-0.51124 -0.53219 0.49391
-0.27665 -0.53214 0.54045
-0.31228 -0.53210 0.52244
-0.40939 -0.51497 0.54057
-0.50775 -0.42283 0.54058
-0.52705 -0.39340 0.54040
-0.52698 -0.36144 0.54047
-0.52693 -0.29965 0.54058
-0.52694 -0.33019 0.54053
-0.52699 -0.26827 0.54055
-0.52714 -0.23606 0.54043
-0.52708 -0.13073 0.54045
-0.52701 -0.09797 0.54049
-0.52702 0.00340 0.54053
-0.52697 0.03582 0.54057
-0.50902 0.03343 0.33005
-0.52720 0.02111 0.33023
-0.52719 -0.01213 0.33142
-0.52729 0.08351 0.31844
-0.52746 0.09545 0.33486
-0.52723 0.05299 0.32590
-0.52737 0.04968 0.34605
-0.50985 0.09635 0.31537
0.17701 0.14595 0.29787
0.18135 0.18942 0.27099
0.19469 0.17714 0.27041
0.19884 0.20937 0.25949
-0.14608 0.11734 0.30751
-0.14036 0.13366 0.29901
-0.16564 0.15783 0.28527
0.15781 -0.13718 0.30056
0.16843 -0.14854 0.29745
0.17062 -0.09893 0.31487
0.16186 -0.16799 0.28613
0.19982 -0.18362 0.27562
0.18279 -0.19138 0.27158
0.33090 -0.32303 -0.00498
0.31430 -0.32291 0.00415
0.31352 -0.32194 0.03763
0.32972 -0.32158 0.04524
0.33178 -0.32086 -0.02511
0.31466 -0.53237 0.02788
0.33319 -0.53252 0.03653
0.31384 -0.53233 -0.00440
0.33196 -0.53247 -0.01189
0.31162 -0.53241 0.06079
0.30471 -0.53245 0.09433
0.52380 -0.53235 0.25030
0.52380 -0.53235 0.21260
0.50566 -0.53249 0.27829
0.50571 -0.53243 0.33141
0.52387 -0.53226 0.39533
0.52387 -0.53226 0.35843
0.52382 -0.53232 0.28686
0.52385 -0.53228 0.32228
0.23289 -0.53250 0.25224
0.30339 -0.53230 -0.06761
0.33005 -0.53248 -0.03239
0.31009 -0.53231 -0.03623
0.27803 -0.51338 -0.13311
0.27975 -0.53232 -0.12878
0.27376 -0.30058 -0.13921
0.25792 -0.26661 -0.16571
0.26837 -0.25906 -0.17792
0.27378 -0.28249 -0.13942
0.29217 -0.28289 -0.13849
0.23881 -0.51466 -0.19173
0.22473 -0.51483 -0.20722
0.04779 -0.51545 -0.29828
0.05216 -0.53251 -0.31545
-0.11261 -0.53209 -0.51069
-0.12258 -0.53230 -0.49207
-0.07481 -0.53209 -0.51069
-0.06588 -0.53230 -0.49208
0.04399 -0.53214 -0.51067
0.03511 -0.53234 -0.49248
0.08355 -0.53214 -0.51064
0.09445 -0.53234 -0.49244
0.01441 -0.53234 -0.49293
0.00418 -0.53213 -0.51068
-0.03588 -0.53210 -0.51069
0.04276 -0.53236 -0.29823
0.00672 -0.53233 -0.30076
-0.00628 -0.51541 -0.30207
-0.02440 -0.51362 -0.30062
-0.02752 -0.53231 -0.29979
0.20734 -0.23405 -0.22272
0.24160 -0.25006 -0.18799
0.23905 -0.27437 -0.19032
0.22484 -0.23284 -0.20627
0.30310 -0.51442 -0.06923
0.29668 -0.32788 -0.08982
0.29732 -0.30558 -0.08842
0.30556 -0.31382 -0.06000
0.31165 -0.32020 -0.02839
0.29345 -0.30148 0.12940
0.28107 -0.28904 0.15684
0.29772 -0.28352 0.16918
0.52392 -0.29439 0.14494
0.50468 -0.29211 0.15140
0.52396 -0.30609 0.11633
0.50481 -0.28424 0.16652
0.52388 -0.27990 0.17263
0.52384 -0.26262 0.19942
0.50474 -0.25832 0.20670
0.50512 -0.24553 0.22178
0.52395 -0.22057 0.24737
0.52386 -0.24284 0.22433
0.52405 -0.19485 0.26880
0.50897 -0.15441 0.29644
0.52418 -0.16567 0.28862
0.52417 -0.22911 0.26309
0.30301 -0.31114 0.10035
0.30976 -0.31802 0.06969
0.33048 -0.31924 0.06404
0.30057 -0.51676 0.11242
0.28138 -0.53242 0.15651
0.27135 -0.51687 0.17663
0.24138 -0.53236 0.21640
0.26363 -0.53239 0.18657
0.23797 -0.51684 0.22138
0.22403 -0.51608 0.23719
0.21616 -0.53236 0.24330
0.18798 -0.53238 0.26725
0.18176 -0.51610 0.27312
0.22455 -0.25384 0.23532
0.22578 -0.23394 0.23434
0.19202 -0.22297 0.26530
0.20410 -0.21336 0.25432
0.18256 -0.20846 0.27161
0.29187 -0.31900 0.13169
0.24619 -0.25388 0.21090
0.26532 -0.27317 0.18401
0.26417 -0.29357 0.18513
0.28446 -0.27385 0.18318
0.25576 -0.24491 0.22351
0.24207 -0.22918 0.23759
0.20955 -0.19832 0.26756
0.15117 -0.17338 0.29343
0.14032 -0.14567 0.29838
-0.52693 0.13147 0.54051
-0.52692 0.16307 0.54052
-0.52694 0.09976 0.54053
-0.52695 0.06794 0.54057
-0.52707 0.23278 0.54049
-0.52697 0.19684 0.54052
-0.52707 0.26805 0.54050
-0.52694 0.30265 0.54053
-0.52705 0.40794 0.54050
-0.52692 0.44034 0.54060
-0.52691 0.47212 0.52638
-0.32753 0.51886 0.52615
-0.25330 0.51906 0.23264
-0.51109 0.51903 0.41925
-0.52723 0.51880 0.40876
-0.51118 0.51896 0.36948
-0.52729 0.51876 0.37559
-0.51199 0.51901 0.29792
-0.51158 0.51901 0.28009
-0.52734 0.51879 0.27109
-0.52735 0.51878 0.23496
-0.52733 0.51878 0.30662
-0.52732 0.51876 0.34154
-0.37495 0.51865 0.54066
-0.33646 0.51862 0.54069
-0.41140 0.51867 0.54064
-0.44583 0.51870 0.54064
-0.40754 0.51891 0.52400
-0.45918 0.51894 0.52400
-0.52717 0.51884 0.43990
-0.52711 0.51888 0.46900
-0.51108 0.51885 0.49782
-0.47906 0.51876 0.52637
-0.51065 0.51842 0.54035
-0.52666 0.51846 0.52608
-0.47892 0.51861 0.54054
-0.52694 0.51875 0.49772
-0.52660 0.50287 0.54035
-0.52677 0.47198 0.54056
-0.51090 0.47208 0.54065
-0.52706 0.37379 0.54047
-0.52694 0.33790 0.54053
-0.26430 0.25296 0.54174
-0.30512 0.23858 0.54173
-0.28396 0.23117 0.54185
-0.52713 0.33184 0.52137
-0.52713 0.31040 0.52392
-0.52732 0.23861 0.52166
-0.52717 0.11881 0.52107
-0.52717 0.09899 0.52270
-0.52718 0.05127 0.52276
-0.52702 -0.03001 0.54051
-0.52699 -0.06440 0.54051
-0.52725 -0.01811 0.52274
-0.52730 -0.13892 0.52188
-0.52718 -0.32909 0.52284
-0.52718 -0.35016 0.52186
-0.52724 -0.21643 0.25258
-0.52730 -0.23661 0.23292
-0.51007 -0.24511 0.22440
-0.29426 -0.28365 0.16918
-0.28891 -0.27446 0.18291
-0.31381 -0.30420 0.12375
-0.24006 -0.26367 0.22452
-0.24971 -0.25387 0.21114
-0.26850 -0.27301 0.18461
-0.22873 -0.23300 0.23498
-0.22929 -0.25042 0.23443
-0.20557 -0.21040 0.25613
-0.24380 -0.22535 0.24016
-0.20906 -0.19145 0.27188
-0.50768 -0.14205 0.30131
-0.50903 -0.08320 0.32255
-0.50903 -0.03427 0.33135
-0.15352 -0.15881 0.29117
-0.18050 -0.18566 0.27486
-0.19580 -0.17940 0.27782
0.13534 -0.16591 0.30002
-0.18162 -0.53250 0.27402
-0.15398 -0.53246 0.29097
-0.24428 -0.51121 0.21817
-0.10076 -0.53244 0.31509
-0.12703 -0.53244 0.30466
-0.52738 -0.51629 0.11422
-0.52738 -0.51429 0.09505
-0.52720 -0.53224 0.08546
-0.52733 -0.51426 0.03890
-0.52717 -0.53221 0.04802
-0.52728 -0.31706 0.07743
-0.52729 -0.30918 0.10816
-0.51037 -0.30623 0.12013
-0.51037 -0.25535 0.21053
-0.52721 -0.53225 0.12501
-0.52721 -0.53225 0.16668
-0.33447 -0.53244 0.05862
-0.33568 -0.53244 0.03818
-0.27114 -0.51099 0.18123
-0.28184 -0.53203 0.16087
-0.29701 -0.53212 0.12915
-0.31466 -0.53236 0.12989
-0.32446 -0.53236 0.11038
-0.31461 -0.53224 0.06152
-0.30794 -0.53219 0.09603
-0.30736 -0.51415 0.09962
-0.31761 -0.32302 0.00078
-0.31738 -0.32275 0.03325
-0.31771 -0.53227 0.02766
-0.31722 -0.53229 -0.00555
-0.52711 -0.53221 -0.09153
-0.52720 -0.32100 -0.02205
-0.52716 -0.31525 -0.05481
-0.52732 -0.33207 -0.06610
-0.50909 -0.31465 -0.06023
-0.33456 -0.32290 -0.00846
-0.33335 -0.32100 -0.02561
-0.32458 -0.31156 -0.07147
-0.32053 -0.30630 -0.08670
-0.30020 -0.30505 -0.09045
-0.28853 -0.29398 -0.11815
-0.24886 -0.23258 -0.20308
-0.23751 -0.26045 -0.19585
-0.23526 -0.23963 -0.19785
-0.21252 -0.21726 -0.21990
-0.19809 -0.18979 -0.24100
-0.21474 -0.19901 -0.23616
-0.50990 -0.15960 -0.26223
-0.50932 -0.17351 -0.25409
-0.52742 -0.18667 -0.26816
-0.52748 -0.41811 -0.49129
-0.52721 -0.39112 -0.51027
-0.52706 -0.34333 -0.49170
-0.52693 -0.36091 -0.51059
-0.52718 -0.42200 -0.51028
-0.50975 -0.40371 -0.51042
-0.52677 -0.48504 -0.49504
-0.52710 -0.53216 -0.43034
-0.52710 -0.53216 -0.39552
-0.50985 -0.53236 -0.44047
-0.47211 -0.53222 -0.49481
-0.47187 -0.53212 -0.51044
-0.50877 -0.53218 -0.46344
-0.52686 -0.53206 -0.46338
-0.52638 -0.53185 -0.49464
-0.50805 -0.53187 -0.51033
-0.52709 -0.53220 -0.28780
-0.52729 -0.51451 -0.29600
-0.52710 -0.53218 -0.25139
-0.52729 -0.51399 -0.31689
-0.52709 -0.53217 -0.36008
-0.52653 -0.48493 -0.51067
-0.52627 -0.51614 -0.51040
-0.52722 -0.28111 -0.49440
-0.52720 -0.22796 -0.49432
-0.52698 -0.23474 -0.51065
-0.52741 -0.11205 -0.30468
-0.52724 -0.09772 -0.28754
-0.52721 -0.06919 -0.29432
-0.50985 -0.06062 -0.29646
-0.17080 0.17681 -0.25093
-0.14166 0.17105 -0.26799
-0.26912 0.28054 -0.15420
-0.19671 0.19033 -0.23284
-0.21940 0.21163 -0.21372
-0.23042 0.24466 -0.20453
-0.25853 0.25111 -0.16818
-0.24001 0.23189 -0.19216
-0.23620 0.20785 -0.21603
-0.25069 0.22274 -0.20341
-0.20217 0.17590 -0.24472
-0.18020 0.13525 -0.26699
-0.18365 0.16487 -0.25060
-0.50909 0.00205 -0.30131
-0.50896 0.01995 -0.29927
-0.52713 0.02015 -0.29966
-0.50906 0.06495 -0.29379
-0.52719 0.05014 -0.29600
-0.52712 -0.00987 -0.30054
-0.52736 -0.04972 -0.31586
-0.52717 -0.03991 -0.29865
-0.50916 -0.04301 -0.29848
-0.16563 0.13237 -0.27552
-0.52731 -0.22481 -0.21490
-0.52734 -0.24490 -0.19427
-0.52729 -0.20256 -0.23372
-0.52728 -0.17815 -0.25073
-0.52726 -0.12547 -0.27792
-0.52727 -0.15245 -0.26547
-0.50988 -0.11914 -0.28091
-0.15263 -0.19722 -0.26197
-0.25565 -0.26023 -0.17311
-0.27368 -0.27904 -0.14570
-0.24874 -0.27013 -0.18370
-0.30303 -0.28971 -0.12825
-0.52730 -0.29654 -0.11194
-0.52719 -0.30710 -0.08477
-0.52732 -0.33032 -0.08603
-0.52733 -0.51380 -0.05673
-0.39068 -0.53211 -0.51070
-0.15084 -0.53209 -0.51071
-0.18951 -0.53208 -0.51075
-0.06814 -0.37028 -0.51192
-0.14150 -0.53230 -0.49199
-0.19950 -0.53229 -0.49205
-0.07179 -0.53244 -0.31210
-0.09268 -0.53244 -0.30938
-0.13819 -0.53258 -0.29475
-0.23092 -0.53230 -0.20285
-0.20701 -0.53221 -0.22567
0.17399 0.19002 -0.24883
0.14274 0.12031 -0.27313
0.14720 -0.13693 -0.27408
0.14165 -0.15250 -0.26614
0.16352 -0.17245 -0.25531
0.26494 -0.24763 -0.19021
0.50832 -0.22048 -0.21761
0.52434 -0.25774 -0.20651
0.52414 -0.24105 -0.19755
0.52399 -0.22042 -0.21793
0.52434 -0.26994 -0.19052
0.52412 -0.26016 -0.17455
0.52393 -0.27775 -0.14893
0.52405 -0.29632 -0.15210
0.52411 -0.51323 -0.14435
0.52390 -0.53225 -0.13527
0.52408 -0.51323 -0.09013
0.52389 -0.53225 -0.09912
0.52411 -0.51478 -0.16209
0.52404 -0.51483 -0.21991
0.52397 -0.51506 -0.31739
0.52373 -0.53233 -0.32464
0.52372 -0.53232 -0.35988
0.52396 -0.51505 -0.37024
0.50131 -0.53247 -0.37127
0.52411 -0.27954 -0.49502
0.52411 -0.29549 -0.48883
0.52385 -0.26911 -0.51071
0.52372 -0.23482 -0.51075
0.52391 -0.22810 -0.49508
0.50797 -0.29865 -0.51086
0.30387 -0.24397 -0.51183
0.27100 -0.25476 -0.51199
0.25450 -0.29684 -0.51187
0.24740 -0.27861 -0.51202
0.24163 -0.28474 -0.53000
0.18994 -0.32308 -0.52961
0.19778 -0.31744 -0.51206
0.22776 -0.29618 -0.52958
0.22299 -0.29951 -0.51204
0.32633 -0.17439 -0.52626
0.34824 -0.12441 -0.51177
0.35654 -0.09593 -0.52612
0.35636 -0.09693 -0.51184
0.33817 -0.15056 -0.51181
0.32615 -0.17540 -0.51198
0.28778 -0.23603 -0.52806
0.29214 -0.22908 -0.51200
0.31081 -0.20157 -0.51204
0.33187 -0.20270 -0.51189
0.35314 -0.51529 -0.51082
0.36651 -0.53227 -0.51061
0.41935 -0.51536 -0.51075
0.41065 -0.53232 -0.51056
0.52372 -0.42581 -0.51074
0.49976 -0.53212 -0.51038
0.50594 -0.51502 -0.51059
0.45507 -0.53227 -0.51049
0.43890 -0.51524 -0.51075
0.52262 -0.51703 -0.51035
0.52365 -0.48702 -0.51040
0.32359 -0.53226 -0.51061
0.28188 -0.53227 -0.51056
0.24167 -0.31278 -0.51187
0.52391 -0.21084 -0.49089
0.52398 -0.30159 -0.51063
0.52410 -0.33226 -0.51049
0.50815 -0.34466 -0.51066
0.50771 -0.39176 -0.51097
0.52372 -0.39470 -0.51073
0.52401 -0.36330 -0.51052
0.52385 -0.40573 -0.49479
0.52385 -0.42310 -0.48988
0.52354 -0.53214 -0.46393
0.52405 -0.51714 -0.46395
0.52259 -0.53207 -0.49486
0.52394 -0.53221 -0.43072
0.52380 -0.53228 -0.39524
0.50689 -0.53247 -0.39078
0.50568 -0.53226 -0.49040
0.52375 -0.53233 -0.28788
0.52380 -0.53232 -0.24958
0.52389 -0.53227 -0.17262
0.52385 -0.53230 -0.21116
0.50854 -0.25143 -0.18704
0.30188 -0.29032 -0.12630
0.52405 -0.30933 -0.13851
0.52413 -0.31182 -0.06911
0.52403 -0.31843 -0.04017
0.50713 -0.31843 -0.03971
0.52416 -0.32852 0.11363
0.52403 -0.51760 0.26051
0.52420 -0.51374 0.06981
0.52412 -0.51461 -0.01677
0.52391 -0.53225 -0.02591
0.52389 -0.53225 -0.06267
0.52408 -0.51461 -0.07191
0.21927 -0.53229 -0.21176
0.18678 -0.51494 -0.23997
0.19397 -0.53236 -0.23360
0.18339 -0.53253 -0.26857
0.18535 -0.34483 -0.51190
0.14176 -0.36507 -0.51184
0.14158 -0.34665 -0.51201
0.17378 -0.33178 -0.52967
0.05986 -0.37129 -0.51187
-0.10918 -0.36080 -0.52836
-0.22482 -0.30036 -0.51194
-0.19710 -0.31927 -0.51203
-0.29584 -0.22890 -0.51197
-0.31426 -0.20247 -0.51196
-0.37240 -0.13368 -0.51176
-0.36913 -0.02777 -0.51197
-0.36603 -0.06066 -0.51197
-0.29390 -0.23168 -0.52915
-0.36991 -0.02270 -0.52895
-0.31862 -0.19314 -0.98427
-0.30156 -0.21943 -0.98431
-0.33166 -0.12656 -0.98445
-0.36805 -0.03481 -0.98430
-0.36915 -0.00150 -0.98430
-0.36111 0.06892 -0.98420
-0.36683 0.03307 -0.98426
-0.34606 0.07671 -0.98440
-0.25546 0.25846 -0.98438
-0.23341 0.27800 -0.98423
-0.36952 0.00493 -0.51197
-0.37062 -0.00367 -0.52927
-0.36720 0.03743 -0.51195
-0.38590 0.04345 -0.51180
-0.37679 0.06795 -0.51180
-0.51130 0.05243 -0.51081
-0.51134 0.10716 -0.51082
-0.51152 0.12696 -0.51082
-0.51237 0.20355 -0.51078
-0.51228 0.26209 -0.51082
-0.28805 0.22512 -0.51211
-0.30765 0.19873 -0.51210
-0.10004 0.34880 -0.51202
-0.12493 0.34058 -0.51214
-0.20133 0.30331 -0.51199
-0.35706 0.50159 -0.51081
-0.33721 0.50077 -0.51081
-0.31118 0.51892 -0.51064
-0.33943 0.51893 -0.51063
-0.39817 0.51891 -0.51066
-0.36842 0.51893 -0.51063
-0.40168 0.50155 -0.51084
-0.42137 0.50236 -0.51084
-0.42801 0.51889 -0.51068
-0.46629 0.50234 -0.51087
-0.45796 0.51887 -0.51070
-0.52723 0.29051 -0.51064
-0.52728 0.32677 -0.51066
-0.52724 0.25286 -0.51062
-0.52730 0.21383 -0.51060
-0.52728 0.13654 -0.51062
-0.52731 0.17506 -0.51060
-0.52729 0.13708 -0.26614
-0.52730 0.16327 -0.25092
-0.28509 0.26080 -0.15558
-0.51045 0.25785 -0.15828
-0.51011 0.26774 -0.14286
-0.50939 0.29423 -0.08352
-0.52722 0.29605 -0.07531
-0.50931 0.30531 -0.03650
-0.52717 0.30344 -0.04397
-0.27502 0.26776 -0.14238
-0.28947 0.28184 -0.11478
-0.30102 0.29320 -0.08566
-0.30965 0.30185 -0.05504
-0.31511 0.30734 -0.02214
-0.31742 0.30966 0.01303
-0.31801 0.50025 -0.00306
-0.31575 0.50105 -0.02524
-0.31510 0.51879 -0.02876
-0.30695 0.50118 -0.07317
-0.30923 0.51887 -0.06071
-0.31774 0.51875 0.00348
-0.31713 0.51875 0.03599
-0.30593 0.51873 0.09970
-0.31320 0.51875 0.06807
-0.31776 0.51895 0.11012
-0.32865 0.51897 0.06268
-0.33546 0.51897 -0.00643
-0.29811 0.30870 -0.09686
-0.29080 0.30165 -0.11279
-0.20632 0.51897 -0.22608
-0.18461 0.51891 -0.24303
-0.19109 0.51907 -0.26333
-0.10095 0.51894 -0.28587
-0.06934 0.51896 -0.29434
-0.13100 0.51892 -0.27411
-0.15950 0.51889 -0.25904
-0.27731 0.51873 -0.13904
-0.25425 0.50371 -0.17682
-0.26234 0.51902 -0.16387
-0.22659 0.51904 -0.20728
-0.24544 0.51912 -0.18662
-0.21416 0.50070 -0.22006
-0.16682 0.50101 -0.25522
-0.10911 0.50152 -0.28357
0.12540 0.51882 -0.27435
0.09457 0.51880 -0.28611
0.03450 0.51889 -0.49481
0.05394 0.51888 -0.49494
0.06151 0.51871 -0.51078
0.09146 0.51887 -0.51071
0.15532 0.51892 -0.51074
0.12273 0.51894 -0.51070
0.16254 0.50424 -0.51092
0.16634 0.32187 -0.53031
0.10152 0.34809 -0.52917
0.14120 0.33276 -0.51210
0.10717 0.34561 -0.51203
0.03229 0.51865 -0.51082
0.00381 0.51868 -0.51084
-0.05000 0.51880 -0.51065
-0.02362 0.51873 -0.51079
-0.00821 0.51893 -0.49484
-0.07930 0.51904 -0.49569
-0.24460 0.51906 -0.49290
-0.29592 0.51885 -0.14085
-0.42575 0.51908 -0.49310
-0.51491 0.42914 -0.51080
-0.51365 0.46152 -0.51063
-0.52702 0.49886 -0.51033
-0.52716 0.46122 -0.51052
-0.52722 0.50282 -0.39539
-0.52748 0.49912 -0.19470
-0.52732 0.51870 -0.18095
-0.52726 0.51873 -0.14886
-0.51234 0.51897 -0.14350
-0.50722 0.51897 -0.12680
-0.52732 0.50078 -0.06417
-0.52716 0.51883 -0.08650
-0.52720 0.51877 -0.11737
-0.50715 0.51905 -0.08049
-0.48146 0.51941 0.03826
-0.52716 0.30654 0.05140
-0.52721 0.30136 0.08397
-0.51009 0.26807 0.17261
-0.52727 0.26555 0.17651
-0.52724 0.24746 0.20370
-0.52732 0.11127 0.30895
-0.52731 0.13630 0.29741
-0.50951 0.11191 0.30843
-0.50951 0.14945 0.29113
-0.27808 0.27095 0.16805
-0.26353 0.25540 0.19229
-0.27583 0.25244 0.19708
-0.16527 0.17695 0.28547
-0.19117 0.51887 0.26821
-0.16776 0.51878 0.28386
-0.23616 0.51888 0.22696
-0.21397 0.51891 0.24924
-0.17174 0.51896 0.30225
-0.09610 0.51893 0.31608
-0.07181 0.51891 0.32338
-0.07082 0.50120 0.32386
-0.10534 0.51911 0.33389
0.05968 0.51891 0.52212
0.04178 0.51891 0.52377
-0.11040 0.51860 0.54067
-0.14468 0.51867 0.54067
-0.14397 0.35659 0.54164
-0.24269 0.27298 0.54178
-0.21914 0.29124 0.54196
-0.25309 0.26476 0.55807
-0.31911 0.18148 0.54210
-0.30223 0.20735 0.54197
-0.31536 0.22208 0.54173
-0.34590 0.12634 0.54177
-0.33367 0.15448 0.54204
-0.33342 0.15464 0.55789
-0.33643 -0.15731 1.01391
-0.34911 -0.12539 1.01392
-0.31559 -0.16662 1.01415
-0.21901 0.26439 1.01435
-0.00041 -0.35515 1.01444
-0.00658 -0.37454 1.01428
-0.04464 -0.37149 1.01425
0.01712 -0.35658 1.01444
-0.23629 -0.28918 1.01414
-0.20887 -0.30966 1.01419
-0.26145 -0.26635 1.01411
-0.28434 -0.24119 1.01408
-0.29157 -0.23393 0.99558
-0.22864 -0.26984 1.01431
-0.24271 -0.25902 1.01431
-0.32152 -0.18711 1.01394
-0.30436 -0.21477 1.01402
-0.26278 -0.26682 0.54183
-0.23611 -0.29109 0.54184
-0.22832 -0.29850 0.55806
-0.16942 -0.33599 0.55888
-0.18065 -0.32906 0.54179
-0.21155 -0.31016 0.55894
-0.20874 -0.31184 0.54183
0.07034 -0.36944 0.55948
0.02289 -0.37481 0.99839
0.03131 -0.37306 1.01428
0.06904 -0.36704 1.01425
0.09776 -0.36115 0.99817
0.17058 -0.33237 0.99697
0.17858 -0.32647 1.01421
0.21051 -0.30596 1.01421
0.20953 -0.28507 1.01438
0.28998 -0.22904 1.01421
0.31074 -0.19911 1.01414
0.30717 -0.17663 1.01431
0.27925 -0.16158 1.01471
0.32917 -0.12645 1.01443
0.34483 -0.05135 1.01448
0.35433 -0.09816 1.01429
0.36207 -0.05997 1.01432
0.36324 0.04601 0.99767
0.36539 0.02660 0.99817
0.31076 0.18991 0.54188
0.33182 0.15284 0.55976
0.32769 0.15990 0.54185
0.33962 0.13555 0.55975
0.35246 0.09809 0.54181
0.34159 0.12929 0.54183
0.34794 0.16175 0.54168
0.33484 -0.19570 0.54165
0.34946 -0.17809 0.54165
0.36975 -0.13226 0.54159
0.52376 -0.21220 0.54056
0.50514 -0.25876 0.54068
0.52392 -0.24829 0.54052
0.52394 -0.32274 0.54054
0.52398 -0.28514 0.54052
0.50793 -0.33340 0.54071
0.50798 -0.27699 0.54068
0.30049 -0.24563 0.54167
0.24247 -0.53223 0.54038
0.20842 -0.53232 0.54032
0.18780 -0.51591 0.54051
0.17449 -0.53228 0.54032
0.07916 -0.53207 0.54052
-0.06331 -0.37062 0.55853
-0.06546 -0.37049 0.54183
-0.09679 -0.36415 0.54173
-0.15307 -0.34350 0.54175
-0.15092 -0.34362 0.55846
-0.12600 -0.35515 0.54170
-0.12421 -0.51151 0.54070
-0.11625 -0.53198 0.54052
-0.08263 -0.53205 0.54049
-0.07630 -0.53230 0.52184
-0.01479 -0.53211 0.54048
-0.04881 -0.53210 0.54048
-0.00459 -0.53232 0.52269
-0.05561 -0.53230 0.52269
-0.08225 -0.53257 0.34003
0.01675 -0.53232 0.52241
0.06330 -0.53230 0.52246
-0.00785 -0.53239 0.33127
0.02586 -0.53236 0.33010
0.10746 -0.53251 0.33194
0.09437 -0.53236 0.31605
0.05993 -0.53235 0.32502
0.12085 -0.51419 0.30715
0.12717 -0.53237 0.30348
0.15832 -0.53238 0.28731
0.10792 -0.53224 0.52238
0.24839 -0.53238 0.52129
0.26847 -0.53237 0.52205
0.34434 -0.53221 0.54032
0.40842 -0.53225 0.54028
0.45488 -0.53238 0.52186
0.44114 -0.53221 0.54042
0.34352 -0.51285 0.54056
0.52390 -0.35841 0.54055
0.52384 -0.39214 0.54054
0.47410 -0.53221 0.52510
0.50728 -0.53225 0.49431
0.52387 -0.53226 0.43006
0.52388 -0.53227 0.46263
0.52403 -0.42207 0.52176
0.52403 -0.40183 0.52442
0.52412 -0.35124 0.52442
0.52408 -0.51451 0.42668
0.52408 -0.51651 0.40458
0.52408 -0.51651 0.34925
0.52403 -0.51251 0.27727
0.52403 -0.06683 0.52181
0.52412 -0.09787 0.33740
0.52416 -0.13504 0.30436
0.52401 -0.10297 0.31604
0.50849 -0.07537 0.32399
0.52371 0.10693 0.54061
0.52382 0.22067 0.54059
0.52372 0.17846 0.54066
0.52428 0.04734 0.34389
0.52414 0.00711 0.33004
0.52414 0.04237 0.32636
0.52413 0.22294 0.23267
0.52398 0.19811 0.25520
0.21297 0.18274 0.26783
0.35649 0.28511 0.13772
0.36212 0.29049 0.12217
0.31348 0.30847 0.03868
0.31198 0.49989 0.05789
0.31047 0.51882 0.06430
0.30493 0.51882 0.09199
0.33051 0.51902 0.06114
0.18668 0.51913 0.29277
0.06852 0.51863 0.54063
0.10293 0.51854 0.54069
0.21943 0.31099 0.54157
0.27622 0.51874 0.54057
0.21051 0.51853 0.54070
0.24334 0.51871 0.54060
0.33640 0.51885 0.52426
0.34273 0.51856 0.54066
0.37695 0.51851 0.54070
0.51154 0.51915 0.45593
0.52406 0.51895 0.44637
0.52416 0.51889 0.40438
0.52418 0.50286 0.45449
0.52399 0.51894 0.29372
0.52401 0.51892 0.25952
0.52415 0.50186 0.30143
0.50916 0.51906 0.17770
0.52410 0.51888 0.18637
0.52405 0.51890 0.22373
0.52429 0.31643 0.12673
0.52412 0.51886 0.14937
0.52412 0.51885 0.11272
0.50899 0.51905 0.15763
0.52426 0.50074 0.08584
0.52419 0.50076 0.03467
0.52393 0.51899 -0.09342
0.52394 0.51897 -0.05945
0.52414 0.50226 -0.05115
0.31379 0.51884 0.03557
0.31490 0.51887 0.00580
0.31371 0.50056 0.03901
0.30081 0.51915 -0.12795
0.29785 0.51889 -0.08549
0.28603 0.51896 -0.11605
0.15467 0.51882 -0.25977
0.18238 0.51881 -0.24236
0.13505 0.50161 -0.27086
0.08881 0.50158 -0.28850
0.16795 0.22621 -0.25067
0.20138 0.21838 -0.22571
0.21138 0.23371 -0.21897
0.19071 0.18611 -0.23634
0.20897 0.20502 -0.22093
0.23220 0.20998 -0.21687
0.25217 0.26617 -0.17534
0.24608 0.24156 -0.18182
0.22742 0.22350 -0.20275
0.26018 0.23707 -0.18547
0.52394 -0.19817 -0.23679
0.52399 -0.17429 -0.25413
0.52411 -0.21381 -0.24852
0.36433 -0.15080 -0.51164
0.36758 -0.00264 -0.51194
0.36594 0.02929 -0.51196
0.36810 -0.00871 -0.52954
0.36565 0.03919 -0.52957
0.36762 -0.02727 -0.52626
0.36164 -0.07571 -0.52623
0.36487 -0.04027 -0.98432
0.36629 -0.00344 -0.98435
0.34023 0.07462 -0.98457
0.33565 0.09228 -0.98457
0.34956 -0.06437 -0.98450
0.20015 -0.29638 -0.98451
0.21247 -0.28510 -0.98451
0.23206 -0.29012 -0.98433
0.25683 -0.26738 -0.98436
0.27434 -0.25033 -0.96844
0.30645 -0.20830 -0.96851
0.00223 -0.37272 -0.98422
0.03681 -0.37088 -0.98417
0.06834 -0.36667 -0.98423
0.09681 -0.36009 -0.98444
0.04673 -0.35652 -0.98437
-0.02216 -0.35685 -0.98446
-0.00515 -0.35927 -0.98446
-0.06904 -0.35227 -0.98446
-0.08662 -0.34888 -0.98446
0.23450 0.29280 0.54164
0.28471 0.31461 -0.11958
-0.51802 -0.53224 -0.16170
-0.20264 -0.53212 0.53131
-0.26640 -0.52376 0.54053
0.24892 -0.23705 0.23055
-0.51499 0.27394 0.54059
-0.51602 0.44649 0.54070
-0.52731 -0.21994 0.26497
-0.52737 -0.24012 0.24530
-0.52700 -0.35212 -0.50114
-0.51846 -0.41285 -0.51035
-0.51445 -0.30695 -0.51082
-0.52738 -0.23708 -0.21900
-0.52741 -0.25717 -0.19837
-0.52725 -0.52297 -0.14414
-0.52721 -0.52302 -0.11386
0.51532 -0.53225 -0.45396
0.51437 -0.53219 -0.48490
-0.22077 -0.31303 -0.51187
-0.19305 -0.33195 -0.51196
-0.35492 -0.14955 -0.51183
-0.09980 0.36166 -0.51192
-0.12470 0.35343 -0.51204
-0.35857 0.12541 0.54165
-0.34634 0.15355 0.54191
0.34346 -0.16460 0.54170
0.35699 -0.13405 0.54166
-0.15332 -0.35605 0.54168
-0.15309 -0.52021 0.54062
-0.18425 -0.52022 0.54064
0.41659 -0.52270 0.54041
0.51209 0.11254 0.54069
0.11621 0.37874 0.54153
0.16787 0.33123 0.54186
0.26819 0.50908 0.54064
0.25175 0.50907 0.54065
0.23806 0.24666 -0.18993
0.21940 0.22861 -0.21086
0.51130 -0.19885 -0.51083
0.35125 -0.15068 -0.51173
0.33923 -0.17551 -0.51189
0.24504 0.28362 0.54165
0.28670 0.33633 -0.11449
-0.21895 -0.53219 0.53128
-0.52734 -0.23003 0.25514
-0.52714 -0.36723 -0.50098
-0.51829 -0.42863 -0.51052
-0.52723 -0.52299 -0.12900
-0.52740 -0.50463 -0.11122
0.10827 -0.37175 -0.51186
-0.20691 -0.32249 -0.51192
-0.34865 -0.16287 -0.51185
-0.11225 0.35754 -0.51198
-0.35246 0.13948 0.54178
0.35023 -0.14932 0.54168
0.08492 -0.52244 0.54059
0.51208 0.12934 0.54072
0.15425 0.33716 0.54179
0.22873 0.23763 -0.20040
0.20251 0.50880 0.54080
0.51148 -0.19080 0.54065
-0.09860 0.50714 0.54074
0.28271 0.29289 -0.12468
-0.51402 -0.16232 -0.51083
-0.51530 -0.08658 0.54059
-0.52739 -0.25020 0.23547
-0.51469 0.12135 0.54059
-0.52742 -0.40458 -0.49583
-0.52737 -0.22704 -0.22932
-0.52728 -0.52294 -0.15928
0.51390 -0.53215 -0.50036
-0.37823 0.05657 -0.51187
-0.34023 0.16762 0.54205
-0.32754 0.16835 0.55479
0.33670 -0.17988 0.54172
0.40023 -0.52273 0.54034
0.51211 0.09573 0.54066
0.12702 0.34902 0.54166
0.31758 0.50893 0.54071
0.33322 -0.18793 -0.51197
